2026-10-06T00:28:50Z
2398, 9.79, 44
2026-10-06T00:28:51Z
2398, 10.35, 44
2026-10-06T00:28:52Z
2398, 10.12, 44
2026-10-06T00:28:53Z
2398, 10.13, 44
2026-10-06T00:28:54Z
2398, 10.46, 44
2026-10-06T00:28:55Z
2398, 10.03, 44
2026-10-06T00:28:56Z
2398, 10.01, 44
2026-10-06T00:28:57Z
2398, 10.03, 44
2026-10-06T00:28:58Z
2398, 10.03, 44
2026-10-06T00:28:59Z
2398, 10.03, 44
2026-10-06T00:29:00Z
2398, 10.37, 44
2026-10-06T00:29:01Z
2398, 10.19, 44
2026-10-06T00:29:02Z
2398, 10.06, 44
2026-10-06T00:29:03Z
2398, 10.04, 44
2026-10-06T00:29:04Z
2398, 10.42, 44
2026-10-06T00:29:05Z
2398, 10.18, 44
2026-10-06T00:29:06Z
2398, 10.16, 44
2026-10-06T00:29:07Z
2411, 17.98, 49
2026-10-06T00:29:08Z
2405, 49.92, 54
2026-10-06T00:29:09Z
2411, 36.46, 50
2026-10-06T00:29:10Z
2398, 49.49, 52
2026-10-06T00:29:11Z
2411, 36.58, 47
2026-10-06T00:29:12Z
2398, 43.79, 53
2026-10-06T00:29:13Z
2398, 42.39, 54
2026-10-06T00:29:14Z
2398, 35.26, 56
2026-10-06T00:29:15Z
2398, 50.96, 54
2026-10-06T00:29:16Z
2398, 36.69, 56
2026-10-06T00:29:17Z
2398, 39.64, 56
2026-10-06T00:29:18Z
2398, 35.11, 54
2026-10-06T00:29:20Z
2398, 51.32, 55
2026-10-06T00:29:21Z
2398, 37.44, 58
2026-10-06T00:29:22Z
2398, 48.19, 56
2026-10-06T00:29:23Z
2411, 37.57, 55
2026-10-06T00:29:24Z
2398, 50.82, 57
2026-10-06T00:29:25Z
2405, 37.85, 51
2026-10-06T00:29:26Z
2398, 50.77, 59
2026-10-06T00:29:27Z
2398, 43.37, 52
2026-10-06T00:29:28Z
2398, 46.61, 60
2026-10-06T00:29:29Z
2405, 38.45, 58
2026-10-06T00:29:30Z
2398, 50.24, 58
2026-10-06T00:29:31Z
2405, 38.09, 52
2026-10-06T00:29:32Z
2398, 50.87, 59
2026-10-06T00:29:33Z
2398, 45.00, 54
2026-10-06T00:29:34Z
2398, 44.63, 61
2026-10-06T00:29:35Z
2398, 49.47, 59
2026-10-06T00:29:36Z
2398, 38.91, 60
2026-10-06T00:29:37Z
2398, 52.31, 59
2026-10-06T00:29:38Z
2398, 38.19, 59
2026-10-06T00:29:39Z
2398, 52.35, 60
2026-10-06T00:29:40Z
2405, 36.63, 57
2026-10-06T00:29:41Z
2398, 52.20, 60
2026-10-06T00:29:42Z
2398, 38.60, 60
2026-10-06T00:29:44Z
2398, 49.64, 59
2026-10-06T00:29:45Z
2405, 39.01, 58
2026-10-06T00:29:46Z
2398, 52.23, 62
2026-10-06T00:29:47Z
2398, 47.50, 57
2026-10-06T00:29:48Z
2398, 42.15, 60
2026-10-06T00:29:49Z
2398, 50.61, 62
2026-10-06T00:29:50Z
2398, 39.09, 62
2026-10-06T00:29:51Z
2398, 53.52, 62
2026-10-06T00:29:52Z
2398, 39.48, 60
2026-10-06T00:29:53Z
2398, 53.83, 62
2026-10-06T00:29:54Z
2398, 39.69, 64
2026-10-06T00:29:55Z
2398, 54.09, 62
2026-10-06T00:29:56Z
2405, 39.76, 60
2026-10-06T00:29:57Z
2398, 49.04, 62
2026-10-06T00:29:58Z
2405, 50.63, 62
2026-10-06T00:29:59Z
2398, 34.97, 61
2026-10-06T00:30:00Z
2398, 48.88, 63
2026-10-06T00:30:01Z
2398, 40.64, 61
2026-10-06T00:30:02Z
2398, 53.83, 63
2026-10-06T00:30:03Z
2405, 48.38, 59
2026-10-06T00:30:04Z
2398, 46.66, 63
2026-10-06T00:30:05Z
2405, 40.40, 57
2026-10-06T00:30:07Z
2398, 50.01, 63
2026-10-06T00:30:08Z
2398, 49.50, 63
2026-10-06T00:30:09Z
2398, 35.82, 60
2026-10-06T00:30:10Z
2398, 51.44, 66
2026-10-06T00:30:11Z
2405, 44.94, 59
2026-10-06T00:30:12Z
2405, 47.72, 64
2026-10-06T00:30:13Z
2405, 46.41, 62
2026-10-06T00:30:14Z
2398, 40.90, 64
2026-10-06T00:30:15Z
2405, 54.77, 65
2026-10-06T00:30:16Z
2405, 45.97, 61
2026-10-06T00:30:17Z
2405, 44.43, 65
2026-10-06T00:30:18Z
2405, 46.96, 64
2026-10-06T00:30:19Z
2398, 40.19, 65
2026-10-06T00:30:20Z
2398, 55.42, 65
2026-10-06T00:30:21Z
2398, 41.09, 65
2026-10-06T00:30:22Z
2398, 54.67, 67
2026-10-06T00:30:23Z
2405, 48.72, 61
2026-10-06T00:30:24Z
2405, 47.68, 67
2026-10-06T00:30:25Z
2398, 55.30, 65
2026-10-06T00:30:26Z
2405, 40.33, 65
2026-10-06T00:30:27Z
2405, 55.84, 69
2026-10-06T00:30:28Z
2405, 41.74, 60
2026-10-06T00:30:29Z
2398, 55.42, 66
2026-10-06T00:30:30Z
2398, 55.50, 67
2026-10-06T00:30:32Z
2405, 55.40, 68
2026-10-06T00:30:33Z
2405, 54.71, 66
2026-10-06T00:30:34Z
2405, 38.42, 64
2026-10-06T00:30:35Z
2398, 56.01, 67
2026-10-06T00:30:36Z
2405, 40.55, 62
2026-10-06T00:30:37Z
2398, 53.32, 66
2026-10-06T00:30:38Z
2398, 55.72, 67
2026-10-06T00:30:39Z
2405, 37.57, 66
2026-10-06T00:30:40Z
2405, 56.28, 70
2026-10-06T00:30:41Z
2405, 40.92, 63
2026-10-06T00:30:42Z
2405, 51.00, 67
2026-10-06T00:30:43Z
2405, 50.33, 65
2026-10-06T00:30:44Z
2398, 38.99, 66
2026-10-06T00:30:45Z
2398, 55.37, 68
2026-10-06T00:30:46Z
2398, 41.53, 67
2026-10-06T00:30:47Z
2398, 48.88, 64
2026-10-06T00:30:48Z
2405, 51.20, 70
2026-10-06T00:30:49Z
2398, 38.83, 66
2026-10-06T00:30:50Z
2405, 46.81, 65
2026-10-06T00:30:51Z
2398, 56.07, 68
2026-10-06T00:30:52Z
2398, 41.81, 67
2026-10-06T00:30:53Z
2405, 56.42, 67
2026-10-06T00:30:54Z
2405, 41.87, 63
2026-10-06T00:30:55Z
2405, 49.22, 67
2026-10-06T00:30:56Z
2405, 56.28, 68
2026-10-06T00:30:57Z
2398, 42.49, 67
2026-10-06T00:30:58Z
2405, 55.70, 68
2026-10-06T00:30:59Z
2405, 45.24, 68
2026-10-06T00:31:01Z
2398, 55.16, 69
2026-10-06T00:31:02Z
2405, 54.26, 68
2026-10-06T00:31:03Z
2405, 41.62, 67
2026-10-06T00:31:04Z
2405, 48.84, 68
2026-10-06T00:31:05Z
2398, 56.85, 70
2026-10-06T00:31:06Z
2405, 41.56, 68
2026-10-06T00:31:07Z
2405, 56.81, 69
2026-10-06T00:31:08Z
2405, 45.48, 62
2026-10-06T00:31:09Z
2405, 51.58, 68
2026-10-06T00:31:10Z
2405, 56.97, 71
2026-10-06T00:31:11Z
2405, 42.83, 70
2026-10-06T00:31:12Z
2405, 52.59, 71
2026-10-06T00:31:13Z
2405, 42.73, 65
2026-10-06T00:31:14Z
2405, 56.07, 69
2026-10-06T00:31:15Z
2398, 57.09, 71
2026-10-06T00:31:16Z
2405, 37.95, 68
2026-10-06T00:31:17Z
2405, 56.43, 69
2026-10-06T00:31:18Z
2405, 53.22, 69
2026-10-06T00:31:19Z
2405, 38.91, 67
2026-10-06T00:31:20Z
2405, 51.86, 70
2026-10-06T00:31:21Z
2405, 52.30, 66
2026-10-06T00:31:22Z
2405, 37.07, 65
2026-10-06T00:31:23Z
2405, 52.03, 69
2026-10-06T00:31:24Z
2398, 57.10, 70
2026-10-06T00:31:26Z
2405, 41.89, 67
2026-10-06T00:31:27Z
2405, 52.70, 69
2026-10-06T00:31:28Z
2405, 44.56, 70
2026-10-06T00:31:29Z
2405, 54.12, 70
2026-10-06T00:31:30Z
2405, 38.47, 66
2026-10-06T00:31:31Z
2405, 29.20, 65
2026-10-06T00:31:32Z
2405, 29.35, 65
2026-10-06T00:31:33Z
2405, 29.08, 65
2026-10-06T00:31:34Z
2405, 29.29, 65
2026-10-06T00:31:35Z
2405, 28.86, 65
2026-10-06T00:31:36Z
2405, 28.98, 65
2026-10-06T00:31:37Z
2405, 29.06, 65
2026-10-06T00:31:38Z
2405, 29.07, 64
2026-10-06T00:31:39Z
2405, 29.04, 65
2026-10-06T00:31:40Z
2405, 28.85, 65
2026-10-06T00:31:41Z
2405, 29.29, 65
2026-10-06T00:31:42Z
2405, 29.25, 65
2026-10-06T00:31:43Z
2405, 29.03, 65
2026-10-06T00:31:44Z
2405, 14.79, 62
2026-10-06T00:31:45Z
2405, 14.06, 61
2026-10-06T00:31:46Z
2405, 13.43, 61
2026-10-06T00:31:47Z
2405, 13.30, 60
2026-10-06T00:31:48Z
2405, 13.17, 60
2026-10-06T00:31:49Z
2405, 13.12, 60
2026-10-06T00:31:50Z
2405, 13.10, 59
2026-10-06T00:31:51Z
2405, 12.95, 59
2026-10-06T00:31:52Z
2405, 12.98, 59
2026-10-06T00:31:54Z
2405, 12.95, 59
2026-10-06T00:31:55Z
2405, 12.88, 58
2026-10-06T00:31:56Z
2405, 12.86, 58
2026-10-06T00:31:57Z
2405, 12.79, 58
2026-10-06T00:31:58Z
2405, 12.77, 58
2026-10-06T00:31:59Z
2405, 12.79, 58
2026-10-06T00:32:00Z
2405, 12.77, 57
2026-10-06T00:32:01Z
2405, 15.42, 61
2026-10-06T00:32:02Z
2398, 52.44, 63
2026-10-06T00:32:03Z
2405, 42.24, 61
2026-10-06T00:32:04Z
2398, 27.16, 61
2026-10-06T00:32:05Z
2398, 27.17, 61
2026-10-06T00:32:06Z
2398, 27.05, 61
2026-10-06T00:32:07Z
2398, 27.41, 61
2026-10-06T00:32:08Z
2398, 27.32, 61
2026-10-06T00:32:09Z
2398, 27.26, 61
2026-10-06T00:32:10Z
2398, 27.60, 61
2026-10-06T00:32:11Z
2398, 27.78, 61
2026-10-06T00:32:12Z
2398, 27.87, 61
2026-10-06T00:32:13Z
2398, 27.99, 62
2026-10-06T00:32:14Z
2405, 27.57, 62
2026-10-06T00:32:15Z
2405, 27.74, 62
2026-10-06T00:32:16Z
2405, 27.35, 61
2026-10-06T00:32:17Z
2405, 13.15, 59
2026-10-06T00:32:18Z
2405, 12.97, 58
2026-10-06T00:32:19Z
2405, 12.89, 58
2026-10-06T00:32:20Z
2405, 12.84, 58
2026-10-06T00:32:21Z
2405, 12.74, 58
2026-10-06T00:32:23Z
2405, 12.71, 57
2026-10-06T00:32:24Z
2405, 12.61, 57
2026-10-06T00:32:25Z
2405, 12.57, 57
2026-10-06T00:32:26Z
2405, 12.58, 57
2026-10-06T00:32:27Z
2405, 12.65, 57
2026-10-06T00:32:28Z
2405, 12.63, 56
2026-10-06T00:32:29Z
2405, 12.46, 56
2026-10-06T00:32:30Z
2405, 12.50, 56
2026-10-06T00:32:31Z
2405, 12.49, 56
2026-10-06T00:32:32Z
2405, 12.37, 56
2026-10-06T00:32:33Z
2398, 21.32, 63
2026-10-06T00:32:34Z
2398, 35.76, 59
2026-10-06T00:32:35Z
2398, 26.97, 59
2026-10-06T00:32:36Z
2398, 27.01, 59
2026-10-06T00:32:37Z
2398, 27.07, 59
2026-10-06T00:32:38Z
2398, 26.87, 59
2026-10-06T00:32:39Z
2398, 27.13, 60
2026-10-06T00:32:40Z
2398, 27.33, 60
2026-10-06T00:32:41Z
2398, 27.21, 60
2026-10-06T00:32:42Z
2398, 27.37, 60
2026-10-06T00:32:43Z
2398, 27.31, 60
2026-10-06T00:32:44Z
2398, 27.46, 60
2026-10-06T00:32:45Z
2398, 27.48, 60
2026-10-06T00:32:46Z
2405, 13.46, 58
