2026-10-06T00:49:07Z
2405, 12.13, 56
2026-10-06T00:49:08Z
2398, 25.02, 62
2026-10-06T00:49:09Z
2398, 50.49, 62
2026-10-06T00:49:10Z
2398, 50.96, 64
2026-10-06T00:49:11Z
2405, 50.24, 62
2026-10-06T00:49:12Z
2398, 53.42, 65
2026-10-06T00:49:13Z
2405, 50.08, 62
2026-10-06T00:49:14Z
2398, 51.21, 65
2026-10-06T00:49:15Z
2405, 50.18, 62
2026-10-06T00:49:16Z
2398, 55.76, 67
2026-10-06T00:49:17Z
2405, 47.56, 63
2026-10-06T00:49:18Z
2398, 55.90, 69
2026-10-06T00:49:19Z
2405, 50.78, 68
2026-10-06T00:49:21Z
2405, 51.76, 67
2026-10-06T00:49:22Z
2405, 51.48, 67
2026-10-06T00:49:23Z
2405, 52.77, 70
2026-10-06T00:49:24Z
2398, 51.36, 68
2026-10-06T00:49:25Z
2398, 56.70, 68
2026-10-06T00:49:26Z
2398, 51.29, 69
2026-10-06T00:49:27Z
2405, 53.06, 69
2026-10-06T00:49:28Z
2398, 51.87, 69
2026-10-06T00:49:29Z
2398, 56.83, 69
2026-10-06T00:49:30Z
2405, 57.25, 70
2026-10-06T00:49:31Z
2405, 49.10, 64
2026-10-06T00:49:32Z
2398, 56.25, 72
2026-10-06T00:49:33Z
2405, 53.77, 65
2026-10-06T00:49:34Z
2398, 55.71, 72
2026-10-06T00:49:35Z
2405, 53.77, 67
2026-10-06T00:49:36Z
2405, 52.71, 70
2026-10-06T00:49:38Z
2405, 52.51, 72
2026-10-06T00:49:39Z
2405, 57.85, 70
2026-10-06T00:49:40Z
2405, 52.43, 70
2026-10-06T00:49:41Z
2405, 53.49, 70
2026-10-06T00:49:42Z
2405, 52.42, 70
2026-10-06T00:49:43Z
2405, 57.94, 73
2026-10-06T00:49:44Z
2405, 52.78, 72
2026-10-06T00:49:45Z
2405, 57.96, 71
2026-10-06T00:49:46Z
2405, 52.96, 74
2026-10-06T00:49:47Z
2405, 58.75, 71
2026-10-06T00:49:48Z
2405, 52.98, 71
2026-10-06T00:49:49Z
2405, 58.37, 71
2026-10-06T00:49:50Z
2405, 52.61, 71
2026-10-06T00:49:51Z
2405, 58.42, 75
2026-10-06T00:49:52Z
2405, 51.27, 69
2026-10-06T00:49:53Z
2405, 58.53, 72
2026-10-06T00:49:54Z
2405, 55.67, 69
2026-10-06T00:49:55Z
2405, 53.87, 74
2026-10-06T00:49:56Z
2405, 58.82, 72
2026-10-06T00:49:58Z
2405, 53.90, 72
2026-10-06T00:49:59Z
2405, 50.92, 68
2026-10-06T00:50:00Z
2405, 54.77, 72
2026-10-06T00:50:01Z
2405, 55.02, 70
2026-10-06T00:50:02Z
2405, 54.06, 72
2026-10-06T00:50:03Z
2405, 59.31, 74
2026-10-06T00:50:04Z
2405, 53.84, 72
2026-10-06T00:50:05Z
2405, 59.51, 74
2026-10-06T00:50:06Z
2405, 54.11, 72
2026-10-06T00:50:07Z
2405, 59.50, 76
2026-10-06T00:50:08Z
2411, 51.00, 68
2026-10-06T00:50:09Z
2405, 59.31, 75
2026-10-06T00:50:10Z
2405, 54.47, 72
2026-10-06T00:50:11Z
2405, 59.84, 74
2026-10-06T00:50:12Z
2411, 54.71, 74
2026-10-06T00:50:13Z
2405, 55.07, 76
2026-10-06T00:50:14Z
2405, 59.12, 73
2026-10-06T00:50:15Z
2405, 54.87, 74
2026-10-06T00:50:16Z
2405, 59.53, 73
2026-10-06T00:50:17Z
2405, 54.37, 74
2026-10-06T00:50:18Z
2405, 53.46, 71
2026-10-06T00:50:19Z
2405, 51.86, 69
2026-10-06T00:50:20Z
2405, 54.88, 76
2026-10-06T00:50:22Z
2405, 55.86, 74
2026-10-06T00:50:23Z
2405, 59.83, 73
2026-10-06T00:50:24Z
2405, 59.87, 74
2026-10-06T00:50:25Z
2405, 54.97, 76
2026-10-06T00:50:26Z
2405, 60.27, 77
2026-10-06T00:50:27Z
2405, 54.97, 76
2026-10-06T00:50:28Z
2405, 55.52, 76
2026-10-06T00:50:29Z
2405, 55.01, 69
2026-10-06T00:50:30Z
2405, 59.67, 74
2026-10-06T00:50:31Z
2405, 60.12, 77
2026-10-06T00:50:32Z
2405, 55.32, 74
2026-10-06T00:50:33Z
2405, 60.58, 76
2026-10-06T00:50:34Z
2405, 51.40, 75
2026-10-06T00:50:35Z
2405, 60.39, 74
2026-10-06T00:50:36Z
2405, 51.48, 74
2026-10-06T00:50:37Z
2405, 57.01, 73
2026-10-06T00:50:38Z
2405, 59.67, 74
2026-10-06T00:50:39Z
2405, 57.34, 77
2026-10-06T00:50:40Z
2405, 60.61, 74
2026-10-06T00:50:41Z
2405, 55.40, 74
2026-10-06T00:50:42Z
2405, 56.65, 78
2026-10-06T00:50:43Z
2411, 54.97, 71
2026-10-06T00:50:44Z
2405, 60.69, 75
2026-10-06T00:50:46Z
2405, 60.76, 75
2026-10-06T00:50:47Z
2405, 60.89, 75
2026-10-06T00:50:48Z
2411, 54.86, 73
2026-10-06T00:50:49Z
2405, 51.05, 74
2026-10-06T00:50:50Z
2405, 60.97, 76
2026-10-06T00:50:51Z
2411, 52.02, 70
2026-10-06T00:50:52Z
2405, 60.95, 75
2026-10-06T00:50:53Z
2405, 60.78, 75
2026-10-06T00:50:54Z
2405, 54.55, 77
2026-10-06T00:50:55Z
2405, 60.72, 75
2026-10-06T00:50:56Z
2405, 51.30, 72
2026-10-06T00:50:57Z
2405, 60.97, 75
2026-10-06T00:50:58Z
2411, 55.65, 77
2026-10-06T00:50:59Z
2405, 57.25, 75
2026-10-06T00:51:00Z
2405, 57.50, 75
2026-10-06T00:51:01Z
2405, 55.64, 75
2026-10-06T00:51:02Z
2405, 58.25, 73
2026-10-06T00:51:03Z
2405, 56.22, 71
2026-10-06T00:51:04Z
2405, 59.93, 78
2026-10-06T00:51:05Z
2405, 59.03, 75
2026-10-06T00:51:06Z
2405, 52.21, 77
2026-10-06T00:51:08Z
2405, 57.69, 75
2026-10-06T00:51:09Z
2411, 56.33, 75
2026-10-06T00:51:10Z
2405, 61.42, 78
2026-10-06T00:51:11Z
2405, 57.04, 76
2026-10-06T00:51:12Z
2411, 49.55, 76
2026-10-06T00:51:13Z
2405, 57.29, 74
2026-10-06T00:51:14Z
2405, 58.01, 72
2026-10-06T00:51:15Z
2411, 52.21, 75
2026-10-06T00:51:16Z
2405, 61.36, 77
2026-10-06T00:51:17Z
2405, 55.62, 77
2026-10-06T00:51:18Z
2405, 57.55, 72
2026-10-06T00:51:19Z
2405, 60.27, 75
2026-10-06T00:51:20Z
2405, 57.23, 76
2026-10-06T00:51:21Z
2405, 61.73, 74
2026-10-06T00:51:22Z
2405, 32.67, 71
2026-10-06T00:51:23Z
2405, 31.54, 70
2026-10-06T00:51:24Z
2405, 31.12, 70
2026-10-06T00:51:25Z
2405, 31.21, 70
2026-10-06T00:51:26Z
2405, 31.38, 70
2026-10-06T00:51:27Z
2405, 31.48, 70
2026-10-06T00:51:28Z
2405, 30.89, 70
2026-10-06T00:51:30Z
2405, 30.67, 69
2026-10-06T00:51:31Z
2405, 30.71, 69
2026-10-06T00:51:32Z
2405, 30.75, 69
2026-10-06T00:51:33Z
2405, 30.94, 69
2026-10-06T00:51:34Z
2405, 30.75, 69
2026-10-06T00:51:35Z
2405, 30.58, 69
2026-10-06T00:51:36Z
2405, 30.90, 69
2026-10-06T00:51:37Z
2405, 30.51, 69
2026-10-06T00:51:38Z
2405, 30.65, 69
2026-10-06T00:51:39Z
2405, 30.39, 68
2026-10-06T00:51:40Z
2405, 30.47, 68
2026-10-06T00:51:41Z
2405, 30.76, 68
2026-10-06T00:51:42Z
2405, 30.73, 68
2026-10-06T00:51:43Z
2405, 30.49, 68
2026-10-06T00:51:44Z
2405, 30.71, 68
2026-10-06T00:51:45Z
2405, 30.75, 68
2026-10-06T00:51:46Z
2405, 30.64, 68
2026-10-06T00:51:47Z
2405, 30.40, 68
2026-10-06T00:51:48Z
2405, 30.59, 68
2026-10-06T00:51:49Z
2405, 24.02, 69
2026-10-06T00:51:50Z
2405, 55.62, 71
2026-10-06T00:51:52Z
2405, 53.44, 71
2026-10-06T00:51:53Z
2405, 59.60, 73
2026-10-06T00:51:54Z
2405, 53.91, 73
2026-10-06T00:51:55Z
2405, 55.62, 73
2026-10-06T00:51:56Z
2405, 51.16, 73
2026-10-06T00:51:57Z
2405, 59.75, 72
2026-10-06T00:51:58Z
2405, 54.44, 73
2026-10-06T00:51:59Z
2405, 55.74, 76
2026-10-06T00:52:00Z
2405, 54.77, 75
2026-10-06T00:52:01Z
2405, 60.01, 76
2026-10-06T00:52:02Z
2405, 50.68, 73
2026-10-06T00:52:03Z
2405, 54.80, 75
2026-10-06T00:52:04Z
2405, 60.76, 76
2026-10-06T00:52:05Z
2405, 54.63, 73
2026-10-06T00:52:06Z
2405, 56.94, 75
2026-10-06T00:52:07Z
2405, 54.60, 74
2026-10-06T00:52:08Z
2405, 57.06, 76
2026-10-06T00:52:09Z
2405, 54.89, 76
2026-10-06T00:52:10Z
2405, 60.65, 74
2026-10-06T00:52:12Z
2405, 55.54, 75
2026-10-06T00:52:13Z
2405, 56.96, 77
2026-10-06T00:52:14Z
2405, 53.70, 76
2026-10-06T00:52:15Z
2405, 60.73, 76
2026-10-06T00:52:16Z
2405, 52.60, 76
2026-10-06T00:52:17Z
2405, 60.19, 74
2026-10-06T00:52:18Z
2405, 50.53, 76
2026-10-06T00:52:19Z
2405, 60.55, 74
2026-10-06T00:52:20Z
2405, 54.74, 74
2026-10-06T00:52:21Z
2405, 60.54, 77
2026-10-06T00:52:22Z
2405, 54.10, 74
2026-10-06T00:52:23Z
2405, 56.97, 75
2026-10-06T00:52:24Z
2405, 55.51, 75
2026-10-06T00:52:25Z
2405, 60.56, 77
2026-10-06T00:52:26Z
2405, 55.99, 77
2026-10-06T00:52:27Z
2405, 57.05, 78
2026-10-06T00:52:28Z
2405, 55.32, 77
2026-10-06T00:52:29Z
2405, 61.11, 77
2026-10-06T00:52:30Z
2405, 55.37, 76
2026-10-06T00:52:31Z
2405, 60.90, 75
2026-10-06T00:52:32Z
2411, 51.46, 71
2026-10-06T00:52:34Z
2405, 60.89, 77
2026-10-06T00:52:35Z
2405, 52.01, 75
2026-10-06T00:52:36Z
2405, 57.63, 77
2026-10-06T00:52:37Z
2411, 53.67, 71
2026-10-06T00:52:38Z
2405, 57.22, 76
2026-10-06T00:52:39Z
2405, 60.82, 75
2026-10-06T00:52:40Z
2405, 56.33, 76
2026-10-06T00:52:41Z
2405, 60.91, 78
2026-10-06T00:52:42Z
2405, 52.94, 73
2026-10-06T00:52:43Z
2405, 60.12, 78
2026-10-06T00:52:44Z
2405, 56.69, 75
2026-10-06T00:52:45Z
2405, 61.20, 78
2026-10-06T00:52:46Z
2411, 51.00, 76
2026-10-06T00:52:47Z
2405, 56.56, 76
2026-10-06T00:52:48Z
2405, 56.00, 75
2026-10-06T00:52:49Z
2405, 61.19, 76
2026-10-06T00:52:50Z
2411, 56.22, 75
2026-10-06T00:52:52Z
2405, 55.04, 73
2026-10-06T00:52:53Z
2405, 61.11, 76
2026-10-06T00:52:54Z
2405, 61.38, 79
2026-10-06T00:52:55Z
2411, 56.42, 71
2026-10-06T00:52:56Z
2405, 60.27, 75
2026-10-06T00:52:57Z
2405, 56.50, 76
2026-10-06T00:52:58Z
2405, 55.36, 76
2026-10-06T00:52:59Z
2405, 60.85, 76
2026-10-06T00:53:00Z
2405, 55.67, 75
2026-10-06T00:53:01Z
2405, 61.24, 76
2026-10-06T00:53:02Z
2411, 52.21, 72
2026-10-06T00:53:03Z
2405, 60.23, 76
2026-10-06T00:53:04Z
2405, 61.06, 78
2026-10-06T00:53:05Z
2405, 62.05, 76
2026-10-06T00:53:06Z
2405, 59.19, 75
2026-10-06T00:53:07Z
2405, 56.28, 76
2026-10-06T00:53:08Z
2405, 61.62, 78
2026-10-06T00:53:09Z
2405, 56.40, 79
2026-10-06T00:53:10Z
2405, 61.88, 76
2026-10-06T00:53:11Z
2411, 52.64, 75
2026-10-06T00:53:12Z
2405, 61.74, 77
2026-10-06T00:53:13Z
2405, 57.27, 76
2026-10-06T00:53:15Z
2405, 56.55, 79
2026-10-06T00:53:16Z
2405, 61.95, 76
2026-10-06T00:53:17Z
2405, 56.37, 79
2026-10-06T00:53:18Z
2405, 57.31, 77
2026-10-06T00:53:19Z
2405, 56.41, 76
2026-10-06T00:53:20Z
2405, 61.89, 79
2026-10-06T00:53:21Z
2411, 57.17, 74
2026-10-06T00:53:22Z
2405, 61.83, 76
2026-10-06T00:53:23Z
2405, 58.12, 76
2026-10-06T00:53:24Z
2405, 56.97, 77
2026-10-06T00:53:25Z
2405, 61.89, 78
2026-10-06T00:53:26Z
2405, 56.59, 76
2026-10-06T00:53:27Z
2405, 62.04, 77
2026-10-06T00:53:28Z
2405, 61.00, 76
2026-10-06T00:53:29Z
2405, 57.53, 77
2026-10-06T00:53:30Z
2405, 60.73, 78
2026-10-06T00:53:31Z
2405, 55.52, 78
2026-10-06T00:53:32Z
2405, 62.02, 77
2026-10-06T00:53:33Z
2405, 56.89, 78
2026-10-06T00:53:34Z
2405, 62.59, 77
2026-10-06T00:53:35Z
2405, 55.71, 77
2026-10-06T00:53:36Z
2405, 60.53, 80
2026-10-06T00:53:37Z
2405, 62.44, 77
2026-10-06T00:53:39Z
2405, 56.96, 77
2026-10-06T00:53:40Z
2405, 59.81, 74
2026-10-06T00:53:41Z
2411, 55.85, 73
2026-10-06T00:53:42Z
2405, 58.46, 73
2026-10-06T00:53:43Z
2411, 58.32, 75
2026-10-06T00:53:44Z
2405, 56.46, 78
2026-10-06T00:53:45Z
2405, 60.97, 77
2026-10-06T00:53:46Z
2405, 56.68, 76
2026-10-06T00:53:47Z
2405, 62.81, 77
2026-10-06T00:53:48Z
2405, 57.71, 75
2026-10-06T00:53:49Z
2405, 54.44, 76
2026-10-06T00:53:50Z
2405, 62.89, 77
2026-10-06T00:53:51Z
2405, 57.57, 76
2026-10-06T00:53:52Z
2405, 62.72, 78
2026-10-06T00:53:53Z
2405, 58.44, 76
2026-10-06T00:53:54Z
2405, 57.75, 77
2026-10-06T00:53:55Z
2405, 63.02, 77
2026-10-06T00:53:56Z
2405, 57.35, 80
2026-10-06T00:53:57Z
2405, 60.33, 79
2026-10-06T00:53:58Z
2411, 57.44, 74
2026-10-06T00:53:59Z
2405, 59.95, 79
2026-10-06T00:54:00Z
2405, 63.18, 77
2026-10-06T00:54:01Z
2405, 58.40, 77
2026-10-06T00:54:02Z
2405, 63.91, 77
2026-10-06T00:54:03Z
2411, 49.40, 73
2026-10-06T00:54:05Z
2411, 33.09, 72
2026-10-06T00:54:06Z
2411, 33.04, 72
2026-10-06T00:54:07Z
2411, 32.77, 72
2026-10-06T00:54:08Z
2405, 32.32, 72
2026-10-06T00:54:09Z
2405, 31.83, 72
2026-10-06T00:54:10Z
2405, 32.18, 71
2026-10-06T00:54:11Z
2405, 32.10, 71
2026-10-06T00:54:12Z
2405, 31.83, 71
2026-10-06T00:54:13Z
2405, 31.68, 71
2026-10-06T00:54:14Z
2405, 31.79, 71
2026-10-06T00:54:15Z
2405, 31.77, 71
2026-10-06T00:54:16Z
2405, 31.92, 71
2026-10-06T00:54:17Z
2405, 31.77, 70
2026-10-06T00:54:18Z
2405, 31.67, 70
2026-10-06T00:54:19Z
2405, 31.76, 70
2026-10-06T00:54:20Z
2405, 31.76, 70
2026-10-06T00:54:21Z
2405, 31.77, 70
2026-10-06T00:54:22Z
2405, 31.47, 70
2026-10-06T00:54:23Z
2405, 31.71, 70
2026-10-06T00:54:24Z
2405, 26.36, 69
2026-10-06T00:54:25Z
2405, 56.22, 76
2026-10-06T00:54:27Z
2405, 54.69, 73
2026-10-06T00:54:28Z
2405, 60.49, 74
2026-10-06T00:54:29Z
2405, 51.79, 72
2026-10-06T00:54:30Z
2405, 59.36, 74
2026-10-06T00:54:31Z
2405, 54.14, 76
2026-10-06T00:54:32Z
2405, 56.35, 75
2026-10-06T00:54:33Z
2405, 55.72, 76
2026-10-06T00:54:34Z
2405, 60.51, 77
2026-10-06T00:54:35Z
2405, 55.84, 78
2026-10-06T00:54:36Z
2405, 60.49, 78
2026-10-06T00:54:37Z
2405, 56.53, 76
2026-10-06T00:54:38Z
2405, 56.90, 75
2026-10-06T00:54:39Z
2405, 61.60, 75
2026-10-06T00:54:40Z
2405, 55.84, 75
2026-10-06T00:54:41Z
2405, 61.32, 76
2026-10-06T00:54:42Z
2405, 51.13, 77
2026-10-06T00:54:43Z
2405, 60.01, 73
2026-10-06T00:54:44Z
2405, 52.29, 75
2026-10-06T00:54:46Z
2405, 61.62, 78
2026-10-06T00:54:47Z
2411, 52.92, 75
2026-10-06T00:54:48Z
2405, 60.31, 76
2026-10-06T00:54:49Z
2411, 52.63, 73
2026-10-06T00:54:50Z
2405, 61.69, 76
2026-10-06T00:54:51Z
2405, 56.31, 76
2026-10-06T00:54:52Z
2405, 61.56, 76
2026-10-06T00:54:53Z
2405, 56.37, 78
2026-10-06T00:54:54Z
2405, 59.72, 74
2026-10-06T00:54:55Z
2405, 53.25, 78
2026-10-06T00:54:56Z
2405, 61.68, 76
2026-10-06T00:54:57Z
2405, 52.16, 76
2026-10-06T00:54:58Z
2405, 58.36, 73
2026-10-06T00:54:59Z
2411, 55.80, 75
2026-10-06T00:55:00Z
2405, 57.97, 78
2026-10-06T00:55:01Z
2405, 52.76, 75
2026-10-06T00:55:02Z
2405, 61.80, 79
2026-10-06T00:55:03Z
2405, 56.18, 76
2026-10-06T00:55:04Z
2405, 56.19, 74
2026-10-06T00:55:05Z
2411, 55.65, 76
2026-10-06T00:55:06Z
2405, 61.95, 77
2026-10-06T00:55:08Z
2405, 59.47, 73
2026-10-06T00:55:09Z
2405, 59.06, 77
2026-10-06T00:55:10Z
2405, 61.40, 76
2026-10-06T00:55:11Z
2405, 52.78, 79
2026-10-06T00:55:12Z
2405, 61.98, 76
2026-10-06T00:55:13Z
2405, 62.44, 77
2026-10-06T00:55:14Z
2405, 59.16, 73
2026-10-06T00:55:15Z
2405, 60.07, 77
2026-10-06T00:55:16Z
2405, 62.00, 77
2026-10-06T00:55:17Z
2405, 57.10, 79
2026-10-06T00:55:18Z
2411, 58.19, 79
2026-10-06T00:55:19Z
2405, 56.93, 77
2026-10-06T00:55:20Z
2405, 62.78, 77
2026-10-06T00:55:21Z
2405, 56.29, 77
2026-10-06T00:55:22Z
2405, 62.65, 77
2026-10-06T00:55:23Z
2411, 53.06, 75
2026-10-06T00:55:24Z
2405, 62.58, 78
2026-10-06T00:55:25Z
2405, 57.82, 79
2026-10-06T00:55:26Z
2405, 57.98, 77
2026-10-06T00:55:27Z
2411, 57.28, 76
2026-10-06T00:55:28Z
2405, 59.89, 79
2026-10-06T00:55:29Z
2405, 62.02, 76
2026-10-06T00:55:31Z
2405, 57.36, 77
2026-10-06T00:55:32Z
2405, 57.20, 74
2026-10-06T00:55:33Z
2405, 56.35, 77
2026-10-06T00:55:34Z
2405, 62.46, 77
2026-10-06T00:55:35Z
2411, 56.77, 76
2026-10-06T00:55:36Z
2405, 62.16, 78
2026-10-06T00:55:37Z
2405, 53.81, 77
2026-10-06T00:55:38Z
2405, 58.03, 80
2026-10-06T00:55:39Z
2405, 60.97, 80
2026-10-06T00:55:40Z
2405, 59.05, 79
2026-10-06T00:55:41Z
2405, 62.59, 77
2026-10-06T00:55:42Z
2405, 56.95, 77
2026-10-06T00:55:43Z
2405, 62.85, 78
2026-10-06T00:55:44Z
2405, 57.39, 77
2026-10-06T00:55:45Z
2398, 58.41, 78
2026-10-06T00:55:46Z
2405, 61.97, 76
2026-10-06T00:55:47Z
2405, 63.47, 80
2026-10-06T00:55:48Z
2411, 57.38, 76
2026-10-06T00:55:49Z
2405, 58.70, 80
2026-10-06T00:55:50Z
2405, 62.93, 78
2026-10-06T00:55:51Z
2405, 57.39, 78
2026-10-06T00:55:52Z
2405, 63.45, 77
2026-10-06T00:55:53Z
2411, 58.30, 78
2026-10-06T00:55:55Z
2405, 63.55, 79
2026-10-06T00:55:56Z
2405, 60.63, 75
2026-10-06T00:55:57Z
2405, 60.35, 78
2026-10-06T00:55:58Z
2405, 58.83, 78
2026-10-06T00:55:59Z
2398, 58.66, 77
2026-10-06T00:56:00Z
2405, 63.29, 80
2026-10-06T00:56:01Z
2405, 57.73, 78
2026-10-06T00:56:02Z
2405, 63.20, 77
2026-10-06T00:56:03Z
2411, 58.29, 76
2026-10-06T00:56:04Z
2405, 63.18, 81
2026-10-06T00:56:05Z
2405, 63.41, 78
2026-10-06T00:56:06Z
2405, 58.09, 78
2026-10-06T00:56:07Z
2405, 63.94, 78
2026-10-06T00:56:08Z
2405, 58.49, 79
2026-10-06T00:56:09Z
2398, 63.55, 78
2026-10-06T00:56:10Z
2405, 58.74, 77
2026-10-06T00:56:11Z
2405, 58.51, 80
2026-10-06T00:56:12Z
2405, 62.78, 79
2026-10-06T00:56:13Z
2398, 59.05, 78
2026-10-06T00:56:14Z
2405, 63.65, 78
2026-10-06T00:56:15Z
2405, 53.52, 78
2026-10-06T00:56:16Z
2405, 60.49, 79
2026-10-06T00:56:17Z
2398, 63.99, 79
2026-10-06T00:56:19Z
2405, 58.63, 79
2026-10-06T00:56:20Z
2398, 63.75, 78
2026-10-06T00:56:21Z
2411, 56.18, 78
2026-10-06T00:56:22Z
2405, 60.54, 78
2026-10-06T00:56:23Z
2405, 60.64, 79
2026-10-06T00:56:24Z
2405, 54.10, 76
2026-10-06T00:56:25Z
2405, 63.70, 78
2026-10-06T00:56:26Z
2405, 58.77, 78
2026-10-06T00:56:27Z
2405, 64.15, 78
2026-10-06T00:56:28Z
2411, 58.68, 78
2026-10-06T00:56:29Z
2405, 60.05, 79
2026-10-06T00:56:30Z
2398, 63.83, 79
2026-10-06T00:56:31Z
2398, 58.58, 79
2026-10-06T00:56:32Z
2398, 64.10, 81
2026-10-06T00:56:33Z
2411, 57.40, 73
2026-10-06T00:56:34Z
2405, 59.34, 78
2026-10-06T00:56:35Z
2398, 64.31, 79
2026-10-06T00:56:36Z
2411, 55.81, 78
2026-10-06T00:56:37Z
2405, 64.94, 79
2026-10-06T00:56:38Z
2405, 56.17, 76
2026-10-06T00:56:39Z
2411, 33.14, 73
2026-10-06T00:56:40Z
2411, 33.16, 73
2026-10-06T00:56:41Z
2411, 33.00, 73
2026-10-06T00:56:42Z
2411, 33.03, 73
2026-10-06T00:56:43Z
2411, 32.98, 72
2026-10-06T00:56:45Z
2411, 32.86, 72
2026-10-06T00:56:46Z
2411, 33.17, 72
2026-10-06T00:56:47Z
2411, 32.77, 72
2026-10-06T00:56:48Z
2411, 33.06, 72
2026-10-06T00:56:49Z
2411, 32.96, 72
2026-10-06T00:56:50Z
2411, 32.82, 72
2026-10-06T00:56:51Z
2405, 31.53, 72
2026-10-06T00:56:52Z
2405, 31.92, 71
2026-10-06T00:56:53Z
2405, 32.15, 71
2026-10-06T00:56:54Z
2405, 31.93, 71
2026-10-06T00:56:55Z
2405, 31.87, 71
2026-10-06T00:56:56Z
2405, 32.15, 71
2026-10-06T00:56:57Z
2405, 32.07, 71
2026-10-06T00:56:58Z
2405, 31.69, 71
2026-10-06T00:56:59Z
2405, 32.00, 71
2026-10-06T00:57:00Z
2405, 32.02, 71
