2026-10-06T08:50:42Z
2411, 10.01, 45
2026-10-06T08:50:43Z
2411, 10.29, 45
2026-10-06T08:50:44Z
2411, 10.29, 45
2026-10-06T08:50:45Z
2411, 10.24, 45
2026-10-06T08:50:46Z
2411, 10.21, 45
2026-10-06T08:50:47Z
2411, 10.23, 45
2026-10-06T08:50:48Z
2411, 10.26, 45
2026-10-06T08:50:49Z
2411, 10.29, 45
2026-10-06T08:50:50Z
2411, 10.22, 45
2026-10-06T08:50:51Z
2411, 10.23, 45
2026-10-06T08:50:52Z
2411, 10.30, 45
2026-10-06T08:50:53Z
2411, 10.35, 45
2026-10-06T08:50:54Z
2411, 10.25, 45
2026-10-06T08:50:55Z
2411, 10.67, 45
2026-10-06T08:50:56Z
2411, 39.14, 48
2026-10-06T08:50:57Z
2411, 25.47, 49
2026-10-06T08:50:58Z
2411, 25.53, 49
2026-10-06T08:50:59Z
2411, 25.74, 49
2026-10-06T08:51:00Z
2411, 25.84, 50
2026-10-06T08:51:01Z
2411, 25.83, 50
2026-10-06T08:51:02Z
2411, 25.90, 50
2026-10-06T08:51:03Z
2411, 25.96, 50
2026-10-06T08:51:05Z
2411, 26.03, 51
2026-10-06T08:51:06Z
2411, 26.00, 51
2026-10-06T08:51:07Z
2411, 26.06, 51
2026-10-06T08:51:08Z
2411, 26.14, 52
2026-10-06T08:51:09Z
2411, 26.04, 52
2026-10-06T08:51:10Z
2411, 26.04, 52
2026-10-06T08:51:11Z
2398, 36.94, 56
2026-10-06T08:51:12Z
2411, 29.29, 52
2026-10-06T08:51:13Z
2411, 26.20, 53
2026-10-06T08:51:14Z
2411, 26.22, 53
2026-10-06T08:51:15Z
2411, 26.37, 53
2026-10-06T08:51:16Z
2411, 26.21, 53
2026-10-06T08:51:17Z
2411, 26.28, 53
2026-10-06T08:51:18Z
2411, 26.23, 53
2026-10-06T08:51:19Z
2411, 26.40, 54
2026-10-06T08:51:20Z
2411, 26.29, 54
2026-10-06T08:51:21Z
2405, 26.56, 54
2026-10-06T08:51:22Z
2398, 26.61, 54
2026-10-06T08:51:23Z
2405, 26.69, 54
2026-10-06T08:51:24Z
2398, 26.79, 54
2026-10-06T08:51:25Z
2405, 26.77, 54
2026-10-06T08:51:26Z
2398, 26.73, 55
2026-10-06T08:51:27Z
2405, 26.69, 55
2026-10-06T08:51:28Z
2405, 26.83, 55
2026-10-06T08:51:30Z
2405, 26.78, 55
2026-10-06T08:51:31Z
2405, 26.88, 55
2026-10-06T08:51:32Z
2392, 30.98, 60
2026-10-06T08:51:33Z
2398, 27.02, 56
2026-10-06T08:51:34Z
2405, 27.02, 56
2026-10-06T08:51:35Z
2405, 26.99, 56
2026-10-06T08:51:36Z
2405, 27.02, 56
2026-10-06T08:51:37Z
2405, 27.07, 56
2026-10-06T08:51:38Z
2398, 27.00, 56
2026-10-06T08:51:39Z
2405, 26.97, 56
2026-10-06T08:51:40Z
2405, 27.03, 56
2026-10-06T08:51:41Z
2405, 27.03, 56
2026-10-06T08:51:42Z
2405, 26.93, 56
2026-10-06T08:51:43Z
2398, 27.25, 57
2026-10-06T08:51:44Z
2398, 27.37, 57
2026-10-06T08:51:45Z
2405, 27.42, 57
2026-10-06T08:51:46Z
2398, 27.54, 57
2026-10-06T08:51:47Z
2398, 27.49, 57
2026-10-06T08:51:48Z
2398, 27.46, 57
2026-10-06T08:51:49Z
2398, 27.61, 57
2026-10-06T08:51:50Z
2405, 27.53, 57
2026-10-06T08:51:51Z
2405, 27.53, 57
2026-10-06T08:51:52Z
2405, 27.43, 57
2026-10-06T08:51:53Z
2405, 27.42, 57
2026-10-06T08:51:55Z
2398, 27.44, 58
2026-10-06T08:51:56Z
2398, 27.60, 58
2026-10-06T08:51:57Z
2398, 27.53, 58
2026-10-06T08:51:58Z
2405, 27.19, 58
2026-10-06T08:51:59Z
2405, 27.20, 58
2026-10-06T08:52:00Z
2398, 42.24, 59
2026-10-06T08:52:01Z
2398, 27.33, 58
2026-10-06T08:52:02Z
2398, 27.35, 58
2026-10-06T08:52:03Z
2398, 27.46, 58
2026-10-06T08:52:04Z
2398, 27.48, 58
2026-10-06T08:52:05Z
2398, 27.45, 58
2026-10-06T08:52:06Z
2405, 27.33, 58
2026-10-06T08:52:07Z
2405, 27.38, 58
2026-10-06T08:52:08Z
2405, 27.40, 59
2026-10-06T08:52:09Z
2405, 27.39, 59
2026-10-06T08:52:10Z
2398, 27.70, 59
2026-10-06T08:52:11Z
2405, 27.74, 59
2026-10-06T08:52:12Z
2405, 27.81, 59
2026-10-06T08:52:13Z
2398, 27.85, 59
2026-10-06T08:52:14Z
2405, 27.79, 59
2026-10-06T08:52:15Z
2405, 27.76, 59
2026-10-06T08:52:16Z
2405, 27.71, 59
2026-10-06T08:52:17Z
2398, 27.79, 59
2026-10-06T08:52:19Z
2398, 27.76, 59
2026-10-06T08:52:20Z
2405, 27.91, 59
2026-10-06T08:52:21Z
2398, 28.00, 59
2026-10-06T08:52:22Z
2398, 27.85, 59
2026-10-06T08:52:23Z
2398, 27.83, 59
2026-10-06T08:52:24Z
2398, 27.94, 59
2026-10-06T08:52:25Z
2392, 34.57, 64
2026-10-06T08:52:26Z
2398, 35.82, 60
2026-10-06T08:52:27Z
2398, 27.77, 60
2026-10-06T08:52:28Z
2398, 27.69, 60
2026-10-06T08:52:29Z
2398, 27.83, 60
2026-10-06T08:52:30Z
2398, 27.84, 60
2026-10-06T08:52:31Z
2398, 27.88, 60
2026-10-06T08:52:32Z
2405, 27.79, 60
2026-10-06T08:52:33Z
2405, 27.77, 60
2026-10-06T08:52:34Z
2398, 27.83, 60
2026-10-06T08:52:35Z
2405, 27.80, 60
2026-10-06T08:52:36Z
2398, 27.89, 60
2026-10-06T08:52:37Z
2398, 28.03, 60
2026-10-06T08:52:38Z
2405, 27.88, 60
2026-10-06T08:52:40Z
2405, 28.16, 60
2026-10-06T08:52:41Z
2405, 28.24, 60
2026-10-06T08:52:42Z
2405, 28.33, 60
2026-10-06T08:52:43Z
2392, 36.63, 66
2026-10-06T08:52:44Z
2405, 34.61, 60
2026-10-06T08:52:45Z
2405, 27.81, 60
2026-10-06T08:52:46Z
2405, 27.79, 60
2026-10-06T08:52:47Z
2398, 27.95, 60
2026-10-06T08:52:48Z
2405, 27.86, 60
2026-10-06T08:52:49Z
2405, 27.80, 60
2026-10-06T08:52:50Z
2405, 27.88, 60
2026-10-06T08:52:51Z
2405, 27.90, 60
2026-10-06T08:52:52Z
2405, 27.99, 60
2026-10-06T08:52:53Z
2405, 27.88, 60
2026-10-06T08:52:54Z
2405, 27.90, 60
2026-10-06T08:52:55Z
2405, 27.84, 60
2026-10-06T08:52:56Z
2405, 27.89, 60
2026-10-06T08:52:57Z
2405, 27.93, 60
2026-10-06T08:52:59Z
2405, 27.80, 60
2026-10-06T08:53:00Z
2405, 27.79, 60
2026-10-06T08:53:01Z
2392, 40.23, 64
2026-10-06T08:53:02Z
2398, 28.22, 60
2026-10-06T08:53:03Z
2405, 27.91, 60
2026-10-06T08:53:04Z
2405, 27.82, 60
2026-10-06T08:53:05Z
2405, 27.93, 60
2026-10-06T08:53:06Z
2405, 27.86, 60
2026-10-06T08:53:07Z
2405, 27.89, 60
2026-10-06T08:53:08Z
2398, 28.04, 60
2026-10-06T08:53:09Z
2398, 28.03, 60
2026-10-06T08:53:10Z
2398, 28.07, 60
2026-10-06T08:53:11Z
2398, 28.14, 60
2026-10-06T08:53:12Z
2398, 27.94, 60
2026-10-06T08:53:13Z
2398, 27.98, 60
2026-10-06T08:53:14Z
2398, 27.92, 60
2026-10-06T08:53:15Z
2398, 28.01, 60
2026-10-06T08:53:17Z
2398, 27.93, 60
2026-10-06T08:53:18Z
2405, 27.95, 60
2026-10-06T08:53:19Z
2398, 36.40, 60
2026-10-06T08:53:20Z
2398, 27.94, 60
2026-10-06T08:53:21Z
2398, 27.91, 60
2026-10-06T08:53:22Z
2398, 27.93, 60
2026-10-06T08:53:23Z
2398, 27.96, 60
2026-10-06T08:53:24Z
2398, 27.97, 60
2026-10-06T08:53:25Z
2398, 27.91, 60
2026-10-06T08:53:26Z
2398, 27.90, 60
2026-10-06T08:53:27Z
2398, 27.96, 60
2026-10-06T08:53:28Z
2398, 27.82, 60
2026-10-06T08:53:29Z
2398, 28.05, 60
2026-10-06T08:53:30Z
2398, 27.92, 60
2026-10-06T08:53:31Z
2398, 27.89, 60
2026-10-06T08:53:33Z
2398, 27.98, 60
2026-10-06T08:53:34Z
2398, 28.00, 60
2026-10-06T08:53:35Z
2405, 27.90, 60
2026-10-06T08:53:36Z
2398, 28.14, 60
2026-10-06T08:53:37Z
2398, 27.22, 59
2026-10-06T08:53:38Z
2405, 12.65, 57
2026-10-06T08:53:39Z
2405, 12.22, 57
2026-10-06T08:53:40Z
2405, 12.11, 56
2026-10-06T08:53:41Z
2405, 12.03, 56
2026-10-06T08:53:42Z
2405, 11.97, 55
2026-10-06T08:53:43Z
2405, 11.87, 55
2026-10-06T08:53:44Z
2405, 11.85, 55
2026-10-06T08:53:45Z
2405, 11.72, 54
2026-10-06T08:53:46Z
2405, 11.90, 54
2026-10-06T08:53:47Z
2405, 11.97, 54
2026-10-06T08:53:48Z
2405, 11.92, 54
2026-10-06T08:53:49Z
2405, 11.78, 54
2026-10-06T08:53:50Z
2405, 11.81, 53
2026-10-06T08:53:51Z
2405, 11.85, 53
2026-10-06T08:53:52Z
2411, 11.67, 53
2026-10-06T08:53:53Z
2411, 11.63, 53
2026-10-06T08:53:54Z
2411, 11.61, 53
2026-10-06T08:53:55Z
2411, 11.63, 53
2026-10-06T08:53:56Z
2411, 11.56, 52
2026-10-06T08:53:57Z
2411, 11.57, 52
2026-10-06T08:53:58Z
2411, 11.58, 52
2026-10-06T08:53:59Z
2392, 24.28, 59
2026-10-06T08:54:01Z
2405, 33.43, 55
2026-10-06T08:54:02Z
2405, 27.10, 55
2026-10-06T08:54:03Z
2405, 27.17, 56
2026-10-06T08:54:04Z
2405, 27.14, 56
2026-10-06T08:54:05Z
2398, 27.24, 56
2026-10-06T08:54:06Z
2405, 27.19, 56
2026-10-06T08:54:07Z
2398, 27.30, 56
2026-10-06T08:54:08Z
2398, 27.32, 57
2026-10-06T08:54:09Z
2398, 27.26, 57
2026-10-06T08:54:10Z
2398, 27.36, 57
2026-10-06T08:54:11Z
2398, 27.40, 57
2026-10-06T08:54:12Z
2398, 27.36, 57
2026-10-06T08:54:13Z
2405, 27.53, 57
2026-10-06T08:54:14Z
2398, 27.34, 57
2026-10-06T08:54:15Z
2405, 27.52, 57
2026-10-06T08:54:16Z
2398, 27.47, 57
2026-10-06T08:54:17Z
2398, 27.58, 57
2026-10-06T08:54:18Z
2405, 27.57, 58
2026-10-06T08:54:19Z
2405, 27.58, 58
2026-10-06T08:54:20Z
2398, 27.54, 58
2026-10-06T08:54:22Z
2405, 27.34, 58
2026-10-06T08:54:23Z
2398, 27.53, 58
2026-10-06T08:54:24Z
2405, 27.57, 58
2026-10-06T08:54:25Z
2398, 27.58, 58
2026-10-06T08:54:26Z
2398, 27.62, 58
2026-10-06T08:54:27Z
2405, 27.58, 58
2026-10-06T08:54:28Z
2398, 27.56, 58
2026-10-06T08:54:29Z
2405, 27.76, 58
2026-10-06T08:54:30Z
2398, 27.51, 58
2026-10-06T08:54:31Z
2405, 27.72, 58
2026-10-06T08:54:32Z
2405, 27.55, 58
2026-10-06T08:54:33Z
2405, 27.63, 58
2026-10-06T08:54:34Z
2405, 27.54, 58
2026-10-06T08:54:35Z
2405, 27.70, 58
2026-10-06T08:54:36Z
2398, 42.14, 59
2026-10-06T08:54:37Z
2398, 27.54, 59
2026-10-06T08:54:38Z
2398, 27.70, 59
2026-10-06T08:54:39Z
2398, 27.64, 59
2026-10-06T08:54:40Z
2398, 27.71, 59
2026-10-06T08:54:41Z
2398, 27.70, 59
2026-10-06T08:54:42Z
2398, 27.71, 59
2026-10-06T08:54:44Z
2398, 27.70, 59
2026-10-06T08:54:45Z
2398, 27.66, 59
2026-10-06T08:54:46Z
2405, 27.66, 59
2026-10-06T08:54:47Z
2405, 27.82, 59
2026-10-06T08:54:48Z
2405, 27.69, 59
2026-10-06T08:54:49Z
2398, 27.68, 59
2026-10-06T08:54:50Z
2398, 27.71, 59
2026-10-06T08:54:51Z
2398, 27.74, 59
2026-10-06T08:54:52Z
2398, 27.70, 59
2026-10-06T08:54:53Z
2398, 27.74, 59
2026-10-06T08:54:54Z
2398, 27.89, 59
2026-10-06T08:54:55Z
2398, 27.88, 59
2026-10-06T08:54:56Z
2398, 27.81, 59
2026-10-06T08:54:57Z
2398, 27.83, 59
2026-10-06T08:54:58Z
2398, 27.91, 59
2026-10-06T08:54:59Z
2398, 27.60, 59
2026-10-06T08:55:00Z
2398, 27.86, 59
2026-10-06T08:55:01Z
2398, 27.86, 59
2026-10-06T08:55:02Z
2398, 27.83, 59
2026-10-06T08:55:03Z
2398, 27.87, 59
2026-10-06T08:55:05Z
2398, 27.85, 59
2026-10-06T08:55:06Z
2398, 27.71, 59
2026-10-06T08:55:07Z
2398, 27.75, 60
2026-10-06T08:55:08Z
2398, 27.70, 59
2026-10-06T08:55:09Z
2405, 27.84, 60
2026-10-06T08:55:10Z
2398, 28.02, 59
2026-10-06T08:55:11Z
2398, 27.91, 60
2026-10-06T08:55:12Z
2398, 27.95, 60
2026-10-06T08:55:13Z
2398, 27.93, 60
2026-10-06T08:55:14Z
2398, 42.53, 62
2026-10-06T08:55:15Z
2405, 27.95, 60
2026-10-06T08:55:16Z
2398, 27.75, 60
2026-10-06T08:55:17Z
2398, 27.78, 60
2026-10-06T08:55:18Z
2398, 27.81, 60
2026-10-06T08:55:19Z
2398, 27.84, 60
2026-10-06T08:55:20Z
2398, 27.90, 60
2026-10-06T08:55:21Z
2398, 27.88, 60
2026-10-06T08:55:22Z
2398, 27.87, 60
2026-10-06T08:55:23Z
2398, 27.73, 60
2026-10-06T08:55:24Z
2398, 27.83, 60
2026-10-06T08:55:25Z
2398, 27.88, 60
2026-10-06T08:55:26Z
2405, 27.67, 60
2026-10-06T08:55:28Z
2398, 27.88, 60
2026-10-06T08:55:29Z
2398, 27.73, 60
2026-10-06T08:55:30Z
2398, 27.82, 60
2026-10-06T08:55:31Z
2398, 27.69, 60
2026-10-06T08:55:32Z
2398, 27.94, 60
2026-10-06T08:55:33Z
2398, 28.06, 60
2026-10-06T08:55:34Z
2398, 27.79, 60
2026-10-06T08:55:35Z
2398, 27.76, 60
2026-10-06T08:55:36Z
2398, 27.71, 60
2026-10-06T08:55:37Z
2398, 27.71, 60
2026-10-06T08:55:38Z
2398, 27.82, 60
2026-10-06T08:55:39Z
2398, 27.58, 60
2026-10-06T08:55:40Z
2398, 27.74, 60
2026-10-06T08:55:41Z
2398, 27.70, 60
2026-10-06T08:55:42Z
2398, 27.86, 60
2026-10-06T08:55:43Z
2398, 27.84, 60
2026-10-06T08:55:44Z
2398, 27.75, 60
2026-10-06T08:55:45Z
2405, 27.77, 60
2026-10-06T08:55:46Z
2405, 27.86, 60
2026-10-06T08:55:47Z
2398, 28.04, 60
2026-10-06T08:55:48Z
2398, 28.12, 60
2026-10-06T08:55:49Z
2398, 29.66, 64
2026-10-06T08:55:51Z
2405, 41.54, 60
2026-10-06T08:55:52Z
2398, 27.99, 60
2026-10-06T08:55:53Z
2398, 28.04, 60
2026-10-06T08:55:54Z
2398, 28.10, 60
2026-10-06T08:55:55Z
2398, 28.15, 60
2026-10-06T08:55:56Z
2398, 28.13, 60
2026-10-06T08:55:57Z
2398, 28.09, 60
2026-10-06T08:55:58Z
2398, 28.08, 60
2026-10-06T08:55:59Z
2398, 28.15, 60
2026-10-06T08:56:00Z
2398, 28.14, 60
2026-10-06T08:56:01Z
2398, 28.18, 60
2026-10-06T08:56:02Z
2398, 28.21, 60
2026-10-06T08:56:03Z
2398, 28.13, 60
2026-10-06T08:56:04Z
2398, 28.15, 60
2026-10-06T08:56:05Z
2398, 28.15, 60
2026-10-06T08:56:06Z
2398, 28.33, 60
2026-10-06T08:56:07Z
2398, 28.20, 61
2026-10-06T08:56:08Z
2398, 28.16, 60
2026-10-06T08:56:09Z
2405, 28.10, 61
2026-10-06T08:56:10Z
2398, 28.15, 60
2026-10-06T08:56:11Z
2398, 28.21, 60
2026-10-06T08:56:13Z
2398, 28.15, 60
2026-10-06T08:56:14Z
2398, 28.24, 60
2026-10-06T08:56:15Z
2398, 28.16, 61
2026-10-06T08:56:16Z
2398, 28.37, 61
2026-10-06T08:56:17Z
2398, 28.21, 61
2026-10-06T08:56:18Z
2398, 28.29, 60
2026-10-06T08:56:19Z
2398, 28.35, 60
2026-10-06T08:56:20Z
2398, 28.04, 61
2026-10-06T08:56:21Z
2398, 28.39, 61
2026-10-06T08:56:22Z
2398, 28.53, 61
2026-10-06T08:56:23Z
2405, 28.62, 61
2026-10-06T08:56:24Z
2398, 28.34, 61
2026-10-06T08:56:25Z
2398, 28.13, 61
2026-10-06T08:56:26Z
2398, 28.10, 61
2026-10-06T08:56:27Z
2398, 28.08, 61
2026-10-06T08:56:28Z
2398, 28.17, 61
2026-10-06T08:56:29Z
2392, 42.92, 62
2026-10-06T08:56:30Z
2398, 28.13, 61
2026-10-06T08:56:31Z
2398, 28.09, 61
2026-10-06T08:56:32Z
2405, 28.15, 61
2026-10-06T08:56:33Z
2398, 27.99, 61
2026-10-06T08:56:35Z
2398, 28.06, 61
2026-10-06T08:56:36Z
2398, 28.12, 60
2026-10-06T08:56:37Z
2398, 28.11, 61
2026-10-06T08:56:38Z
2398, 28.18, 61
2026-10-06T08:56:39Z
2398, 28.08, 61
2026-10-06T08:56:40Z
2398, 28.06, 61
2026-10-06T08:56:41Z
2398, 28.18, 61
2026-10-06T08:56:42Z
2398, 28.28, 61
2026-10-06T08:56:43Z
2398, 28.03, 61
2026-10-06T08:56:44Z
2398, 28.01, 61
2026-10-06T08:56:45Z
2398, 28.16, 61
2026-10-06T08:56:46Z
2398, 28.12, 61
2026-10-06T08:56:47Z
2398, 28.24, 61
2026-10-06T08:56:48Z
2398, 28.22, 61
2026-10-06T08:56:49Z
2398, 28.10, 61
2026-10-06T08:56:50Z
2398, 28.18, 61
2026-10-06T08:56:51Z
2398, 28.32, 61
2026-10-06T08:56:52Z
2398, 28.27, 61
2026-10-06T08:56:53Z
2405, 28.10, 61
2026-10-06T08:56:54Z
2405, 28.21, 61
2026-10-06T08:56:55Z
2405, 28.19, 61
2026-10-06T08:56:57Z
2405, 28.25, 61
2026-10-06T08:56:58Z
2405, 28.36, 61
2026-10-06T08:56:59Z
2398, 28.22, 61
2026-10-06T08:57:00Z
2398, 28.36, 61
2026-10-06T08:57:01Z
2405, 28.25, 61
2026-10-06T08:57:02Z
2405, 28.24, 61
2026-10-06T08:57:03Z
2405, 28.40, 61
2026-10-06T08:57:04Z
2405, 28.27, 61
2026-10-06T08:57:05Z
2398, 28.45, 61
2026-10-06T08:57:06Z
2398, 28.35, 61
2026-10-06T08:57:07Z
2398, 28.38, 61
2026-10-06T08:57:08Z
2398, 28.38, 61
2026-10-06T08:57:09Z
2398, 28.36, 61
2026-10-06T08:57:10Z
2398, 32.51, 65
2026-10-06T08:57:11Z
2398, 38.64, 61
2026-10-06T08:57:12Z
2405, 28.09, 61
2026-10-06T08:57:13Z
2405, 27.78, 61
2026-10-06T08:57:14Z
2398, 28.10, 61
2026-10-06T08:57:15Z
2405, 28.11, 61
2026-10-06T08:57:16Z
2405, 28.07, 61
2026-10-06T08:57:17Z
2405, 28.05, 61
2026-10-06T08:57:19Z
2405, 28.05, 61
2026-10-06T08:57:20Z
2405, 28.12, 61
2026-10-06T08:57:21Z
2405, 27.93, 61
2026-10-06T08:57:22Z
2405, 28.07, 61
2026-10-06T08:57:23Z
2405, 28.16, 61
2026-10-06T08:57:24Z
2398, 28.17, 61
2026-10-06T08:57:25Z
2405, 28.04, 61
2026-10-06T08:57:26Z
2398, 28.14, 61
2026-10-06T08:57:27Z
2398, 28.14, 61
2026-10-06T08:57:28Z
2398, 28.15, 61
2026-10-06T08:57:29Z
2398, 28.13, 61
2026-10-06T08:57:30Z
2398, 28.16, 61
2026-10-06T08:57:31Z
2405, 28.11, 61
2026-10-06T08:57:32Z
2398, 28.02, 61
2026-10-06T08:57:33Z
2398, 27.98, 61
2026-10-06T08:57:34Z
2398, 27.86, 61
2026-10-06T08:57:35Z
2405, 28.16, 61
2026-10-06T08:57:36Z
2405, 27.92, 61
2026-10-06T08:57:37Z
2398, 28.09, 61
2026-10-06T08:57:39Z
2398, 28.06, 61
2026-10-06T08:57:40Z
2398, 28.08, 61
2026-10-06T08:57:41Z
2405, 28.12, 61
2026-10-06T08:57:42Z
2398, 28.10, 61
2026-10-06T08:57:43Z
2398, 28.24, 61
2026-10-06T08:57:44Z
2398, 27.90, 61
2026-10-06T08:57:45Z
2398, 28.00, 61
2026-10-06T08:57:46Z
2398, 28.11, 61
2026-10-06T08:57:47Z
2398, 28.09, 61
2026-10-06T08:57:48Z
2405, 27.99, 61
2026-10-06T08:57:49Z
2405, 29.33, 64
2026-10-06T08:57:50Z
2405, 42.43, 62
2026-10-06T08:57:51Z
2398, 28.42, 61
2026-10-06T08:57:52Z
2398, 28.40, 61
2026-10-06T08:57:53Z
2398, 28.49, 61
2026-10-06T08:57:54Z
2398, 28.52, 61
2026-10-06T08:57:55Z
2398, 28.61, 61
2026-10-06T08:57:56Z
2398, 28.62, 61
2026-10-06T08:57:57Z
2398, 28.60, 61
2026-10-06T08:57:58Z
2398, 28.56, 61
2026-10-06T08:57:59Z
2398, 28.56, 61
2026-10-06T08:58:01Z
2398, 28.65, 61
2026-10-06T08:58:02Z
2398, 28.55, 61
2026-10-06T08:58:03Z
2398, 28.63, 61
2026-10-06T08:58:04Z
2398, 28.60, 62
2026-10-06T08:58:05Z
2398, 28.46, 61
2026-10-06T08:58:06Z
2398, 28.59, 61
2026-10-06T08:58:07Z
2398, 28.65, 62
2026-10-06T08:58:08Z
2398, 28.76, 62
2026-10-06T08:58:09Z
2398, 28.57, 62
2026-10-06T08:58:10Z
2398, 28.61, 62
2026-10-06T08:58:11Z
2398, 28.64, 62
2026-10-06T08:58:12Z
2398, 28.73, 62
2026-10-06T08:58:13Z
2398, 28.66, 62
2026-10-06T08:58:14Z
2398, 28.65, 62
2026-10-06T08:58:15Z
2398, 28.57, 62
2026-10-06T08:58:16Z
2398, 28.61, 62
2026-10-06T08:58:17Z
2398, 28.57, 62
2026-10-06T08:58:18Z
2398, 28.60, 62
2026-10-06T08:58:19Z
2398, 28.52, 62
2026-10-06T08:58:20Z
2392, 41.64, 67
2026-10-06T08:58:21Z
2405, 29.89, 62
2026-10-06T08:58:23Z
2398, 28.46, 62
2026-10-06T08:58:24Z
2398, 28.38, 62
2026-10-06T08:58:25Z
2398, 28.40, 62
2026-10-06T08:58:26Z
2398, 28.47, 62
2026-10-06T08:58:27Z
2405, 28.48, 62
2026-10-06T08:58:28Z
2398, 28.58, 62
2026-10-06T08:58:29Z
2405, 28.42, 62
2026-10-06T08:58:30Z
2405, 28.50, 62
2026-10-06T08:58:31Z
2398, 28.64, 62
2026-10-06T08:58:32Z
2398, 28.67, 62
2026-10-06T08:58:33Z
2398, 28.39, 62
2026-10-06T08:58:34Z
2398, 28.51, 62
2026-10-06T08:58:35Z
2398, 28.47, 62
2026-10-06T08:58:36Z
2398, 28.43, 62
2026-10-06T08:58:37Z
2398, 28.54, 62
2026-10-06T08:58:38Z
2405, 28.45, 62
2026-10-06T08:58:39Z
2398, 28.42, 62
2026-10-06T08:58:40Z
2398, 28.47, 62
2026-10-06T08:58:41Z
2398, 28.43, 62
2026-10-06T08:58:42Z
2398, 28.39, 62
2026-10-06T08:58:43Z
2398, 28.43, 62
2026-10-06T08:58:44Z
2398, 28.52, 62
2026-10-06T08:58:46Z
2398, 28.61, 62
2026-10-06T08:58:47Z
2398, 28.78, 62
2026-10-06T08:58:48Z
2398, 28.79, 62
2026-10-06T08:58:49Z
2398, 28.84, 62
2026-10-06T08:58:50Z
2398, 28.83, 62
2026-10-06T08:58:51Z
2398, 28.76, 62
2026-10-06T08:58:52Z
2398, 28.78, 62
2026-10-06T08:58:53Z
2398, 28.91, 62
2026-10-06T08:58:54Z
2398, 28.90, 62
2026-10-06T08:58:55Z
2398, 28.86, 62
2026-10-06T08:58:56Z
2398, 39.42, 66
2026-10-06T08:58:57Z
2398, 31.89, 62
2026-10-06T08:58:58Z
2398, 28.39, 62
2026-10-06T08:58:59Z
2398, 28.54, 62
2026-10-06T08:59:00Z
2398, 28.40, 62
2026-10-06T08:59:01Z
2398, 28.42, 62
2026-10-06T08:59:02Z
2398, 28.41, 62
2026-10-06T08:59:03Z
2398, 28.47, 62
2026-10-06T08:59:04Z
2398, 28.40, 62
2026-10-06T08:59:05Z
2398, 28.69, 62
2026-10-06T08:59:06Z
2398, 28.58, 62
2026-10-06T08:59:08Z
2398, 28.68, 62
2026-10-06T08:59:09Z
2405, 28.61, 62
2026-10-06T08:59:10Z
2405, 28.62, 62
2026-10-06T08:59:11Z
2398, 28.66, 62
2026-10-06T08:59:12Z
2398, 28.60, 62
2026-10-06T08:59:13Z
2398, 28.66, 62
2026-10-06T08:59:14Z
2405, 28.52, 62
2026-10-06T08:59:15Z
2398, 28.48, 62
2026-10-06T08:59:16Z
2398, 28.64, 62
2026-10-06T08:59:17Z
2405, 28.51, 62
2026-10-06T08:59:18Z
2398, 28.47, 62
2026-10-06T08:59:19Z
2398, 28.51, 62
2026-10-06T08:59:20Z
2398, 28.32, 62
2026-10-06T08:59:21Z
2398, 28.47, 62
2026-10-06T08:59:22Z
2398, 28.51, 62
2026-10-06T08:59:23Z
2398, 28.71, 62
2026-10-06T08:59:24Z
2398, 28.62, 62
2026-10-06T08:59:25Z
2398, 28.58, 62
2026-10-06T08:59:26Z
2398, 28.66, 62
2026-10-06T08:59:27Z
2398, 28.75, 62
2026-10-06T08:59:28Z
2398, 28.62, 62
2026-10-06T08:59:29Z
2398, 42.12, 65
2026-10-06T08:59:30Z
2398, 28.75, 62
2026-10-06T08:59:32Z
2398, 28.42, 62
2026-10-06T08:59:33Z
2398, 28.58, 62
2026-10-06T08:59:34Z
2405, 28.54, 62
2026-10-06T08:59:35Z
2398, 28.55, 62
2026-10-06T08:59:36Z
2398, 28.52, 62
2026-10-06T08:59:37Z
2398, 28.62, 62
2026-10-06T08:59:38Z
2398, 28.49, 62
2026-10-06T08:59:39Z
2405, 28.55, 62
2026-10-06T08:59:40Z
2398, 28.59, 62
2026-10-06T08:59:41Z
2398, 28.67, 62
2026-10-06T08:59:42Z
2398, 28.77, 62
2026-10-06T08:59:43Z
2398, 28.60, 62
2026-10-06T08:59:44Z
2398, 28.60, 62
2026-10-06T08:59:45Z
2398, 28.47, 62
2026-10-06T08:59:46Z
2398, 28.56, 62
2026-10-06T08:59:47Z
2398, 28.56, 62
2026-10-06T08:59:48Z
2398, 28.61, 62
2026-10-06T08:59:49Z
2398, 28.79, 62
2026-10-06T08:59:50Z
2398, 28.59, 62
2026-10-06T08:59:51Z
2398, 28.67, 62
2026-10-06T08:59:52Z
2398, 28.40, 62
2026-10-06T08:59:53Z
2398, 28.54, 62
2026-10-06T08:59:55Z
2398, 28.78, 62
2026-10-06T08:59:56Z
2398, 28.58, 62
2026-10-06T08:59:57Z
2398, 28.63, 62
2026-10-06T08:59:58Z
2398, 28.51, 62
2026-10-06T08:59:59Z
2398, 28.66, 62
2026-10-06T09:00:00Z
2398, 28.55, 62
2026-10-06T09:00:01Z
2398, 28.63, 62
2026-10-06T09:00:02Z
2398, 28.68, 62
2026-10-06T09:00:03Z
2398, 28.64, 62
2026-10-06T09:00:04Z
2405, 28.53, 62
2026-10-06T09:00:05Z
2398, 28.60, 62
2026-10-06T09:00:06Z
2405, 42.35, 63
2026-10-06T09:00:07Z
2405, 29.12, 62
2026-10-06T09:00:08Z
2405, 29.29, 62
2026-10-06T09:00:09Z
2405, 29.23, 62
2026-10-06T09:00:10Z
2405, 29.18, 62
2026-10-06T09:00:11Z
2405, 29.27, 62
2026-10-06T09:00:12Z
2405, 29.23, 62
2026-10-06T09:00:13Z
2405, 29.22, 62
2026-10-06T09:00:14Z
2405, 29.22, 62
2026-10-06T09:00:15Z
2405, 29.06, 62
2026-10-06T09:00:16Z
2405, 29.26, 62
2026-10-06T09:00:18Z
2405, 29.22, 62
2026-10-06T09:00:19Z
2405, 29.30, 62
2026-10-06T09:00:20Z
2405, 29.22, 62
2026-10-06T09:00:21Z
2405, 29.25, 62
2026-10-06T09:00:22Z
2405, 29.29, 62
2026-10-06T09:00:23Z
2405, 29.27, 62
2026-10-06T09:00:24Z
2405, 29.42, 62
2026-10-06T09:00:25Z
2405, 29.23, 62
2026-10-06T09:00:26Z
2405, 29.18, 62
2026-10-06T09:00:27Z
2405, 29.25, 62
2026-10-06T09:00:28Z
2405, 29.18, 62
2026-10-06T09:00:29Z
2405, 29.10, 62
2026-10-06T09:00:30Z
2405, 29.05, 62
2026-10-06T09:00:31Z
2405, 29.41, 62
2026-10-06T09:00:32Z
2405, 29.66, 63
2026-10-06T09:00:33Z
2405, 29.28, 62
2026-10-06T09:00:35Z
2405, 28.98, 62
2026-10-06T09:00:36Z
2405, 29.17, 62
2026-10-06T09:00:37Z
2405, 29.29, 62
2026-10-06T09:00:38Z
2405, 29.08, 62
2026-10-06T09:00:39Z
2405, 29.11, 62
2026-10-06T09:00:40Z
2405, 28.95, 62
2026-10-06T09:00:41Z
2405, 29.04, 62
2026-10-06T09:00:42Z
2405, 29.12, 62
2026-10-06T09:00:43Z
2405, 29.09, 62
2026-10-06T09:00:44Z
2405, 29.10, 62
2026-10-06T09:00:45Z
2405, 30.16, 61
2026-10-06T09:00:46Z
2405, 41.66, 63
2026-10-06T09:00:47Z
2405, 29.11, 63
2026-10-06T09:00:48Z
2405, 29.25, 62
2026-10-06T09:00:49Z
2405, 29.13, 63
2026-10-06T09:00:50Z
2405, 29.08, 62
2026-10-06T09:00:51Z
2405, 29.30, 63
2026-10-06T09:00:52Z
2405, 29.23, 62
2026-10-06T09:00:54Z
2405, 29.29, 63
2026-10-06T09:00:55Z
2405, 29.26, 62
2026-10-06T09:00:56Z
2405, 29.17, 62
2026-10-06T09:00:57Z
2405, 29.28, 63
2026-10-06T09:00:58Z
2405, 29.33, 63
2026-10-06T09:00:59Z
2405, 29.24, 62
2026-10-06T09:01:00Z
2405, 29.43, 62
2026-10-06T09:01:01Z
2405, 29.33, 62
2026-10-06T09:01:02Z
2405, 29.31, 62
2026-10-06T09:01:03Z
2405, 29.30, 62
2026-10-06T09:01:04Z
2405, 29.24, 62
2026-10-06T09:01:05Z
2405, 29.24, 62
2026-10-06T09:01:06Z
2405, 29.30, 62
2026-10-06T09:01:07Z
2405, 29.35, 62
2026-10-06T09:01:08Z
2405, 29.38, 62
2026-10-06T09:01:09Z
2405, 29.40, 62
2026-10-06T09:01:11Z
2405, 29.19, 62
2026-10-06T09:01:12Z
2405, 29.19, 62
2026-10-06T09:01:13Z
2405, 29.24, 62
2026-10-06T09:01:14Z
2405, 29.15, 62
2026-10-06T09:01:15Z
2405, 29.21, 62
2026-10-06T09:01:16Z
2405, 29.29, 62
2026-10-06T09:01:17Z
2405, 29.32, 62
2026-10-06T09:01:18Z
2405, 29.29, 62
2026-10-06T09:01:19Z
2405, 29.35, 62
2026-10-06T09:01:20Z
2405, 29.28, 62
2026-10-06T09:01:21Z
2405, 29.43, 62
2026-10-06T09:01:22Z
2405, 29.29, 62
2026-10-06T09:01:23Z
2405, 29.22, 62
2026-10-06T09:01:24Z
2405, 22.12, 60
2026-10-06T09:01:25Z
2405, 12.89, 59
2026-10-06T09:01:26Z
2405, 12.54, 59
2026-10-06T09:01:27Z
2405, 12.45, 58
2026-10-06T09:01:28Z
2405, 12.36, 58
2026-10-06T09:01:29Z
2405, 12.33, 57
2026-10-06T09:01:30Z
2405, 12.23, 57
2026-10-06T09:01:31Z
2405, 12.24, 57
8:55:30Z
2398, 27.82, 60
2026-10-06T08:55:31Z
2398, 27.69, 60
2026-10-06T08:55:32Z
2398, 27.94, 60
2026-10-06T08:55:33Z
2398, 28.06, 60
2026-10-06T08:55:34Z
2398, 27.79, 60
2026-10-06T08:55:35Z
2398, 27.76, 60
2026-10-06T08:55:36Z
2398, 27.71, 60
2026-10-06T08:55:37Z
2398, 27.71, 60
2026-10-06T08:55:38Z
2398, 27.82, 60
2026-10-06T08:55:39Z
2398, 27.58, 60
2026-10-06T08:55:40Z
2398, 27.74, 60
2026-10-06T08:55:41Z
2398, 27.70, 60
2026-10-06T08:55:42Z
2398, 27.86, 60
2026-10-06T08:55:43Z
2398, 27.84, 60
2026-10-06T08:55:44Z
2398, 27.74, 60
2026-10-06T08:55:45Z
2405, 27.77, 60
2026-10-06T08:55:46Z
2405, 27.86, 60
2026-10-06T08:55:47Z
2398, 28.04, 60
2026-10-06T08:55:48Z
2398, 28.12, 60
2026-10-06T08:55:49Z
2398, 29.66, 64
2026-10-06T08:55:50Z
2405, 41.54, 60
2026-10-06T08:55:52Z
2398, 27.99, 60
2026-10-06T08:55:53Z
2398, 28.04, 60
2026-10-06T08:55:54Z
2398, 28.10, 60
2026-10-06T08:55:55Z
2398, 28.15, 60
2026-10-06T08:55:56Z
2398, 28.13, 60
2026-10-06T08:55:57Z
2398, 28.09, 60
2026-10-06T08:55:58Z
2398, 28.08, 60
2026-10-06T08:55:59Z
2398, 28.15, 60
2026-10-06T08:56:00Z
2398, 28.14, 60
2026-10-06T08:56:01Z
2398, 28.18, 60
2026-10-06T08:56:02Z
2398, 28.21, 60
2026-10-06T08:56:03Z
2398, 28.13, 60
2026-10-06T08:56:04Z
2398, 28.15, 60
2026-10-06T08:56:05Z
2398, 28.15, 60
2026-10-06T08:56:06Z
2398, 28.25, 61
2026-10-06T08:56:07Z
2398, 28.20, 61
2026-10-06T08:56:08Z
2398, 28.16, 60
2026-10-06T08:56:09Z
2405, 28.10, 61
2026-10-06T08:56:10Z
2398, 28.15, 60
2026-10-06T08:56:11Z
2398, 28.21, 60
2026-10-06T08:56:13Z
2398, 28.15, 60
2026-10-06T08:56:14Z
2398, 28.24, 60
2026-10-06T08:56:15Z
2398, 28.16, 61
2026-10-06T08:56:16Z
2398, 28.37, 61
2026-10-06T08:56:17Z
2398, 28.21, 61
2026-10-06T08:56:18Z
2398, 28.31, 61
2026-10-06T08:56:19Z
2398, 28.35, 60
2026-10-06T08:56:20Z
2398, 28.04, 61
2026-10-06T08:56:21Z
2398, 28.39, 61
2026-10-06T08:56:22Z
2398, 28.53, 61
2026-10-06T08:56:23Z
2405, 28.62, 61
2026-10-06T08:56:24Z
2398, 28.34, 61
2026-10-06T08:56:25Z
2398, 28.13, 61
2026-10-06T08:56:26Z
2398, 28.10, 61
2026-10-06T08:56:27Z
2398, 28.08, 61
2026-10-06T08:56:28Z
2398, 28.17, 61
2026-10-06T08:56:29Z
2398, 31.79, 65
2026-10-06T08:56:30Z
2398, 28.13, 61
2026-10-06T08:56:31Z
2398, 28.09, 61
2026-10-06T08:56:32Z
2405, 28.15, 61
2026-10-06T08:56:33Z
2398, 27.99, 61
2026-10-06T08:56:35Z
2398, 28.06, 61
2026-10-06T08:56:36Z
2398, 28.12, 60
2026-10-06T08:56:37Z
2398, 28.11, 61
2026-10-06T08:56:38Z
2398, 28.18, 61
2026-10-06T08:56:39Z
2398, 28.08, 61
2026-10-06T08:56:40Z
2398, 28.06, 61
2026-10-06T08:56:41Z
2398, 28.18, 61
2026-10-06T08:56:42Z
2398, 28.28, 61
2026-10-06T08:56:43Z
2398, 28.03, 61
2026-10-06T08:56:44Z
2398, 28.01, 61
2026-10-06T08:56:45Z
2398, 28.16, 61
2026-10-06T08:56:46Z
2398, 28.12, 61
2026-10-06T08:56:47Z
2398, 28.24, 61
2026-10-06T08:56:48Z
2398, 28.22, 61
2026-10-06T08:56:49Z
2398, 28.10, 61
2026-10-06T08:56:50Z
2398, 28.18, 61
2026-10-06T08:56:51Z
2398, 28.32, 61
2026-10-06T08:56:52Z
2398, 28.27, 61
2026-10-06T08:56:53Z
2405, 28.10, 61
2026-10-06T08:56:54Z
2405, 28.21, 61
2026-10-06T08:56:55Z
2405, 28.19, 61
2026-10-06T08:56:57Z
2405, 28.25, 61
2026-10-06T08:56:58Z
2405, 28.36, 61
2026-10-06T08:56:59Z
2398, 28.22, 61
2026-10-06T08:57:00Z
2398, 28.36, 61
2026-10-06T08:57:01Z
2405, 28.25, 61
2026-10-06T08:57:02Z
2405, 28.24, 61
2026-10-06T08:57:03Z
2405, 28.40, 61
2026-10-06T08:57:04Z
2405, 28.27, 61
2026-10-06T08:57:05Z
2398, 28.45, 61
2026-10-06T08:57:06Z
2398, 28.35, 61
2026-10-06T08:57:07Z
2398, 28.38, 61
2026-10-06T08:57:08Z
2398, 28.38, 61
2026-10-06T08:57:09Z
2398, 28.36, 61
2026-10-06T08:57:10Z
2398, 32.51, 65
2026-10-06T08:57:11Z
2398, 38.64, 61
2026-10-06T08:57:12Z
2405, 28.09, 61
2026-10-06T08:57:13Z
2405, 27.78, 61
2026-10-06T08:57:14Z
2405, 27.98, 61
2026-10-06T08:57:15Z
2405, 28.11, 61
2026-10-06T08:57:16Z
2405, 28.07, 61
2026-10-06T08:57:17Z
2405, 28.05, 61
2026-10-06T08:57:18Z
2405, 28.05, 61
2026-10-06T08:57:20Z
2405, 28.12, 61
2026-10-06T08:57:21Z
2405, 27.93, 61
2026-10-06T08:57:22Z
2405, 28.07, 61
2026-10-06T08:57:23Z
2405, 28.16, 61
2026-10-06T08:57:24Z
2398, 28.17, 61
2026-10-06T08:57:25Z
2405, 28.04, 61
2026-10-06T08:57:26Z
2398, 28.14, 61
2026-10-06T08:57:27Z
2398, 28.14, 61
2026-10-06T08:57:28Z
2398, 28.15, 61
2026-10-06T08:57:29Z
2398, 28.13, 61
2026-10-06T08:57:30Z
2398, 28.16, 61
2026-10-06T08:57:31Z
2405, 28.11, 61
2026-10-06T08:57:32Z
2398, 28.02, 61
2026-10-06T08:57:33Z
2398, 27.98, 61
2026-10-06T08:57:34Z
2398, 27.98, 61
2026-10-06T08:57:35Z
2405, 28.16, 61
2026-10-06T08:57:36Z
2405, 27.92, 61
2026-10-06T08:57:37Z
2398, 28.09, 61
2026-10-06T08:57:39Z
2398, 28.06, 61
2026-10-06T08:57:40Z
2398, 28.08, 61
2026-10-06T08:57:41Z
2405, 28.12, 61
2026-10-06T08:57:42Z
2398, 28.10, 61
2026-10-06T08:57:43Z
2398, 28.24, 61
2026-10-06T08:57:44Z
2398, 27.90, 61
2026-10-06T08:57:45Z
2398, 28.00, 61
2026-10-06T08:57:46Z
2398, 28.11, 61
2026-10-06T08:57:47Z
2398, 28.09, 61
2026-10-06T08:57:48Z
2405, 27.99, 61
2026-10-06T08:57:49Z
2405, 29.33, 64
2026-10-06T08:57:50Z
2405, 42.43, 62
2026-10-06T08:57:51Z
2398, 28.42, 61
2026-10-06T08:57:52Z
2398, 28.40, 61
2026-10-06T08:57:53Z
2398, 28.49, 61
2026-10-06T08:57:54Z
2398, 28.52, 61
2026-10-06T08:57:55Z
2398, 28.61, 61
2026-10-06T08:57:56Z
2398, 28.62, 61
2026-10-06T08:57:57Z
2398, 28.60, 61
2026-10-06T08:57:58Z
2398, 28.56, 61
2026-10-06T08:57:59Z
2398, 28.56, 61
2026-10-06T08:58:01Z
2398, 28.65, 61
2026-10-06T08:58:02Z
2398, 28.55, 61
2026-10-06T08:58:03Z
2398, 28.63, 61
2026-10-06T08:58:04Z
2398, 28.60, 62
2026-10-06T08:58:05Z
2398, 28.46, 61
2026-10-06T08:58:06Z
2398, 28.59, 61
2026-10-06T08:58:07Z
2398, 28.65, 62
2026-10-06T08:58:08Z
2405, 28.76, 62
2026-10-06T08:58:09Z
2398, 28.57, 62
2026-10-06T08:58:10Z
2398, 28.61, 62
2026-10-06T08:58:11Z
2398, 28.64, 62
2026-10-06T08:58:12Z
2398, 28.73, 62
2026-10-06T08:58:13Z
2398, 28.66, 62
2026-10-06T08:58:14Z
2398, 28.65, 62
2026-10-06T08:58:15Z
2398, 28.57, 62
2026-10-06T08:58:16Z
2398, 28.61, 62
2026-10-06T08:58:17Z
2398, 28.57, 62
2026-10-06T08:58:18Z
2398, 28.60, 62
2026-10-06T08:58:19Z
2398, 28.48, 62
2026-10-06T08:58:20Z
2392, 41.64, 67
2026-10-06T08:58:21Z
2405, 29.89, 62
2026-10-06T08:58:23Z
2398, 28.46, 62
2026-10-06T08:58:24Z
2398, 28.38, 62
2026-10-06T08:58:25Z
2398, 28.40, 62
2026-10-06T08:58:26Z
2398, 28.47, 62
2026-10-06T08:58:27Z
2405, 28.48, 62
2026-10-06T08:58:28Z
2398, 28.58, 62
2026-10-06T08:58:29Z
2405, 28.42, 62
2026-10-06T08:58:30Z
2405, 28.50, 62
2026-10-06T08:58:31Z
2398, 28.62, 62
2026-10-06T08:58:32Z
2398, 28.67, 62
2026-10-06T08:58:33Z
2398, 28.39, 62
2026-10-06T08:58:34Z
2398, 28.51, 62
2026-10-06T08:58:35Z
2398, 28.47, 62
2026-10-06T08:58:36Z
2398, 28.43, 62
2026-10-06T08:58:37Z
2398, 28.54, 62
2026-10-06T08:58:38Z
2405, 28.45, 62
2026-10-06T08:58:39Z
2398, 28.42, 62
2026-10-06T08:58:40Z
2398, 28.47, 62
2026-10-06T08:58:41Z
2398, 28.43, 62
2026-10-06T08:58:42Z
2398, 28.43, 62
2026-10-06T08:58:43Z
2398, 28.43, 62
2026-10-06T08:58:44Z
2398, 28.52, 62
2026-10-06T08:58:46Z
2398, 28.61, 62
2026-10-06T08:58:47Z
2398, 28.78, 62
2026-10-06T08:58:48Z
2398, 28.79, 62
2026-10-06T08:58:49Z
2398, 28.84, 62
2026-10-06T08:58:50Z
2398, 28.83, 62
2026-10-06T08:58:51Z
2398, 28.76, 62
2026-10-06T08:58:52Z
2398, 28.78, 62
2026-10-06T08:58:53Z
2398, 28.91, 62
2026-10-06T08:58:54Z
2398, 28.90, 62
2026-10-06T08:58:55Z
2398, 28.86, 62
2026-10-06T08:58:56Z
2398, 39.42, 66
2026-10-06T08:58:57Z
2398, 31.89, 62
2026-10-06T08:58:58Z
2398, 28.39, 62
2026-10-06T08:58:59Z
2398, 28.54, 62
2026-10-06T08:59:00Z
2398, 28.40, 62
2026-10-06T08:59:01Z
2398, 28.42, 62
2026-10-06T08:59:02Z
2398, 28.41, 62
2026-10-06T08:59:03Z
2398, 28.47, 62
2026-10-06T08:59:04Z
2398, 28.52, 62
2026-10-06T08:59:05Z
2398, 28.69, 62
2026-10-06T08:59:06Z
2398, 28.58, 62
2026-10-06T08:59:08Z
2398, 28.68, 62
2026-10-06T08:59:09Z
2405, 28.61, 62
2026-10-06T08:59:10Z
2405, 28.62, 62
2026-10-06T08:59:11Z
2398, 28.66, 62
2026-10-06T08:59:12Z
2398, 28.60, 62
2026-10-06T08:59:13Z
2398, 28.66, 62
2026-10-06T08:59:14Z
2405, 28.52, 62
2026-10-06T08:59:15Z
2398, 28.48, 62
2026-10-06T08:59:16Z
2405, 28.64, 62
2026-10-06T08:59:17Z
2405, 28.51, 62
2026-10-06T08:59:18Z
2398, 28.47, 62
2026-10-06T08:59:19Z
2398, 28.51, 62
2026-10-06T08:59:20Z
2398, 28.32, 62
2026-10-06T08:59:21Z
2398, 28.47, 62
2026-10-06T08:59:22Z
2398, 28.51, 62
2026-10-06T08:59:23Z
2398, 28.71, 62
2026-10-06T08:59:24Z
2398, 28.62, 62
2026-10-06T08:59:25Z
2398, 28.58, 62
2026-10-06T08:59:26Z
2398, 28.66, 62
2026-10-06T08:59:27Z
2398, 28.75, 62
2026-10-06T08:59:28Z
2398, 28.62, 62
2026-10-06T08:59:29Z
2398, 42.12, 65
2026-10-06T08:59:31Z
2398, 28.75, 62
2026-10-06T08:59:32Z
2398, 28.42, 62
2026-10-06T08:59:33Z
2398, 28.58, 62
2026-10-06T08:59:34Z
2405, 28.54, 62
2026-10-06T08:59:35Z
2398, 28.55, 62
2026-10-06T08:59:36Z
2398, 28.52, 62
2026-10-06T08:59:37Z
2398, 28.62, 62
2026-10-06T08:59:38Z
2398, 28.49, 62
2026-10-06T08:59:39Z
2398, 28.57, 62
2026-10-06T08:59:40Z
2398, 28.59, 62
2026-10-06T08:59:41Z
2398, 28.67, 62
2026-10-06T08:59:42Z
2398, 28.77, 62
2026-10-06T08:59:43Z
2398, 28.60, 62
2026-10-06T08:59:44Z
2398, 28.60, 62
2026-10-06T08:59:45Z
2398, 28.47, 62
2026-10-06T08:59:46Z
2398, 28.56, 62
2026-10-06T08:59:47Z
2398, 28.56, 62
2026-10-06T08:59:48Z
2398, 28.61, 62
2026-10-06T08:59:49Z
2398, 28.79, 62
2026-10-06T08:59:50Z
2398, 28.59, 62
2026-10-06T08:59:51Z
2398, 28.67, 62
2026-10-06T08:59:52Z
2398, 28.40, 62
2026-10-06T08:59:54Z
2398, 28.54, 62
2026-10-06T08:59:55Z
2398, 28.78, 62
2026-10-06T08:59:56Z
2398, 28.58, 62
2026-10-06T08:59:57Z
2398, 28.63, 62
2026-10-06T08:59:58Z
2398, 28.51, 62
2026-10-06T08:59:59Z
2398, 28.66, 62
2026-10-06T09:00:00Z
2398, 28.55, 62
2026-10-06T09:00:01Z
2398, 28.63, 62
2026-10-06T09:00:02Z
2398, 28.68, 62
2026-10-06T09:00:03Z
2405, 28.64, 62
2026-10-06T09:00:04Z
2405, 28.53, 62
2026-10-06T09:00:05Z
2398, 28.60, 62
2026-10-06T09:00:06Z
2405, 42.35, 63
2026-10-06T09:00:07Z
2405, 29.12, 62
2026-10-06T09:00:08Z
2405, 29.29, 62
2026-10-06T09:00:09Z
2405, 29.23, 62
2026-10-06T09:00:10Z
2405, 29.18, 62
2026-10-06T09:00:11Z
2405, 29.27, 62
2026-10-06T09:00:12Z
2405, 29.23, 62
2026-10-06T09:00:13Z
2405, 29.22, 62
2026-10-06T09:00:14Z
2405, 29.22, 62
2026-10-06T09:00:15Z
2405, 29.06, 62
2026-10-06T09:00:17Z
2405, 29.26, 62
2026-10-06T09:00:18Z
2405, 29.22, 62
2026-10-06T09:00:19Z
2405, 29.30, 62
2026-10-06T09:00:20Z
2405, 29.22, 62
2026-10-06T09:00:21Z
2405, 29.25, 62
2026-10-06T09:00:22Z
2405, 29.29, 62
2026-10-06T09:00:23Z
2405, 29.27, 62
2026-10-06T09:00:24Z
2405, 29.42, 62
2026-10-06T09:00:25Z
2405, 29.23, 62
2026-10-06T09:00:26Z
2405, 29.18, 62
2026-10-06T09:00:27Z
2405, 29.25, 62
2026-10-06T09:00:28Z
2405, 29.18, 62
2026-10-06T09:00:29Z
2405, 29.10, 62
2026-10-06T09:00:30Z
2405, 29.05, 62
2026-10-06T09:00:31Z
2405, 29.41, 62
2026-10-06T09:00:32Z
2405, 29.66, 63
2026-10-06T09:00:33Z
2405, 29.28, 62
2026-10-06T09:00:35Z
2405, 28.98, 62
2026-10-06T09:00:36Z
2405, 29.17, 62
2026-10-06T09:00:37Z
2405, 29.29, 62
2026-10-06T09:00:38Z
2405, 29.08, 62
2026-10-06T09:00:39Z
2405, 29.11, 62
2026-10-06T09:00:40Z
2405, 28.95, 62
2026-10-06T09:00:41Z
2405, 29.04, 62
2026-10-06T09:00:42Z
2405, 29.12, 62
2026-10-06T09:00:43Z
2405, 29.09, 62
2026-10-06T09:00:44Z
2405, 29.10, 62
2026-10-06T09:00:45Z
2405, 30.16, 61
2026-10-06T09:00:46Z
2405, 41.66, 63
2026-10-06T09:00:47Z
2405, 29.11, 63
2026-10-06T09:00:48Z
2405, 29.25, 62
2026-10-06T09:00:49Z
2405, 29.13, 63
2026-10-06T09:00:50Z
2405, 29.08, 62
2026-10-06T09:00:51Z
2405, 29.30, 63
2026-10-06T09:00:52Z
2405, 29.23, 62
2026-10-06T09:00:54Z
2405, 29.29, 63
2026-10-06T09:00:55Z
2405, 29.26, 62
2026-10-06T09:00:56Z
2405, 29.17, 62
2026-10-06T09:00:57Z
2405, 29.28, 63
2026-10-06T09:00:58Z
2405, 29.33, 63
2026-10-06T09:00:59Z
2405, 29.24, 62
2026-10-06T09:01:00Z
2405, 29.43, 62
2026-10-06T09:01:01Z
2405, 29.33, 62
2026-10-06T09:01:02Z
2405, 29.31, 62
2026-10-06T09:01:03Z
2405, 29.30, 62
2026-10-06T09:01:04Z
2405, 29.24, 62
2026-10-06T09:01:05Z
2405, 29.24, 62
2026-10-06T09:01:06Z
2405, 29.30, 62
2026-10-06T09:01:07Z
2405, 29.35, 62
2026-10-06T09:01:08Z
2405, 29.38, 62
2026-10-06T09:01:09Z
2405, 29.40, 62
2026-10-06T09:01:11Z
2405, 29.19, 62
2026-10-06T09:01:12Z
2405, 29.19, 62
2026-10-06T09:01:13Z
2405, 29.24, 62
2026-10-06T09:01:14Z
2405, 29.15, 62
2026-10-06T09:01:15Z
2405, 29.21, 62
2026-10-06T09:01:16Z
2405, 29.29, 62
2026-10-06T09:01:17Z
2405, 29.32, 62
2026-10-06T09:01:18Z
2405, 29.29, 62
2026-10-06T09:01:19Z
2405, 29.35, 62
2026-10-06T09:01:20Z
2405, 29.28, 62
2026-10-06T09:01:21Z
2405, 29.43, 62
2026-10-06T09:01:22Z
2405, 29.29, 62
2026-10-06T09:01:23Z
2405, 29.22, 62
2026-10-06T09:01:24Z
2405, 22.12, 60
2026-10-06T09:01:25Z
2405, 12.89, 59
2026-10-06T09:01:26Z
2405, 12.54, 59
2026-10-06T09:01:27Z
2405, 12.45, 58
2026-10-06T09:01:28Z
2405, 12.36, 58
2026-10-06T09:01:29Z
2405, 12.24, 57
2026-10-06T09:01:30Z
2405, 12.23, 57
2026-10-06T09:01:31Z
2405, 12.24, 57
