2026-10-06T23:49:39Z 2405, 14.79, 59
2026-10-06T23:49:40Z 2398, 26.43, 62
2026-10-06T23:49:41Z 2398, 27.80, 62
2026-10-06T23:49:42Z 2398, 27.98, 62
2026-10-06T23:49:43Z 2398, 27.75, 62
2026-10-06T23:49:44Z 2398, 28.15, 62
2026-10-06T23:49:45Z 2405, 27.89, 62
2026-10-06T23:49:46Z 2398, 27.92, 62
2026-10-06T23:49:47Z 2398, 27.85, 62
2026-10-06T23:49:48Z 2398, 27.86, 62
2026-10-06T23:49:50Z 2405, 27.97, 62
2026-10-06T23:49:51Z 2398, 27.49, 62
2026-10-06T23:49:52Z 2405, 27.65, 62
2026-10-06T23:49:53Z 2398, 27.88, 62
2026-10-06T23:49:54Z 2398, 28.28, 62
2026-10-06T23:49:55Z 2405, 28.08, 62
2026-10-06T23:49:56Z 2405, 28.13, 62
2026-10-06T23:49:57Z 2398, 28.09, 62
2026-10-06T23:49:58Z 2398, 27.96, 62
2026-10-06T23:49:59Z 2398, 28.34, 62
2026-10-06T23:50:00Z 2405, 29.91, 62
2026-10-06T23:50:01Z 2405, 32.28, 63
2026-10-06T23:50:02Z 2405, 30.74, 63
2026-10-06T23:50:03Z 2405, 30.77, 63
2026-10-06T23:50:04Z 2405, 30.96, 63
2026-10-06T23:50:05Z 2405, 31.03, 63
2026-10-06T23:50:06Z 2405, 31.97, 63
2026-10-06T23:50:07Z 2405, 30.82, 63
2026-10-06T23:50:08Z 2405, 31.02, 63
2026-10-06T23:50:09Z 2405, 31.16, 63
2026-10-06T23:50:11Z 2405, 31.05, 63
2026-10-06T23:50:12Z 2405, 31.93, 63
2026-10-06T23:50:13Z 2405, 31.06, 63
2026-10-06T23:50:14Z 2405, 31.26, 63
2026-10-06T23:50:15Z 2405, 31.50, 63
2026-10-06T23:50:16Z 2405, 31.00, 63
2026-10-06T23:50:17Z 2405, 32.29, 67
2026-10-06T23:50:18Z 2405, 38.58, 64
2026-10-06T23:50:19Z 2405, 30.99, 64
2026-10-06T23:50:20Z 2405, 30.99, 64
2026-10-06T23:50:21Z 2405, 30.97, 63
2026-10-06T23:50:22Z 2405, 31.01, 63
2026-10-06T23:50:23Z 2405, 31.10, 63
2026-10-06T23:50:24Z 2405, 31.12, 63
2026-10-06T23:50:25Z 2405, 31.14, 64
2026-10-06T23:50:26Z 2405, 29.20, 63
2026-10-06T23:50:27Z 2398, 48.46, 67
2026-10-06T23:50:28Z 2405, 31.25, 64
2026-10-06T23:50:29Z 2405, 31.03, 64
2026-10-06T23:50:30Z 2405, 31.48, 64
2026-10-06T23:50:32Z 2405, 30.79, 64
2026-10-06T23:50:33Z 2405, 31.14, 64
2026-10-06T23:50:34Z 2405, 31.08, 64
2026-10-06T23:50:35Z 2405, 31.25, 64
2026-10-06T23:50:36Z 2405, 31.16, 64
2026-10-06T23:50:37Z 2405, 31.26, 64
2026-10-06T23:50:38Z 2405, 30.05, 64
2026-10-06T23:50:39Z 2405, 30.98, 64
2026-10-06T23:50:40Z 2405, 30.96, 64
2026-10-06T23:50:41Z 2405, 30.82, 64
2026-10-06T23:50:42Z 2405, 30.44, 64
2026-10-06T23:50:43Z 2405, 31.08, 64
2026-10-06T23:50:44Z 2405, 31.18, 64
2026-10-06T23:50:45Z 2405, 31.33, 64
2026-10-06T23:50:46Z 2405, 31.17, 64
2026-10-06T23:50:47Z 2405, 30.88, 67
2026-10-06T23:50:48Z 2405, 44.47, 64
2026-10-06T23:50:49Z 2405, 31.00, 64
2026-10-06T23:50:50Z 2405, 31.09, 64
2026-10-06T23:50:51Z 2405, 31.25, 64
2026-10-06T23:50:53Z 2405, 31.25, 64
2026-10-06T23:50:54Z 2405, 31.19, 64
2026-10-06T23:50:55Z 2405, 31.30, 64
2026-10-06T23:50:56Z 2405, 31.21, 64
2026-10-06T23:50:57Z 2405, 31.42, 64
2026-10-06T23:50:58Z 2405, 31.33, 64
2026-10-06T23:50:59Z 2405, 31.37, 64
2026-10-06T23:51:00Z 2405, 31.25, 64
2026-10-06T23:51:01Z 2405, 31.27, 64
2026-10-06T23:51:02Z 2405, 31.07, 64
2026-10-06T23:51:03Z 2405, 31.09, 64
2026-10-06T23:51:04Z 2405, 30.02, 64
2026-10-06T23:51:05Z 2398, 42.79, 69
2026-10-06T23:51:06Z 2405, 48.44, 65
2026-10-06T23:51:07Z 2405, 31.25, 64
2026-10-06T23:51:08Z 2405, 31.17, 64
2026-10-06T23:51:09Z 2405, 31.26, 64
2026-10-06T23:51:10Z 2405, 31.28, 64
2026-10-06T23:51:11Z 2405, 31.18, 64
2026-10-06T23:51:13Z 2405, 31.09, 64
2026-10-06T23:51:14Z 2405, 31.73, 64
2026-10-06T23:51:15Z 2405, 31.10, 64
2026-10-06T23:51:16Z 2405, 31.38, 64
2026-10-06T23:51:17Z 2405, 31.21, 64
2026-10-06T23:51:18Z 2405, 31.26, 65
2026-10-06T23:51:19Z 2405, 31.33, 64
2026-10-06T23:51:20Z 2405, 31.50, 64
2026-10-06T23:51:21Z 2405, 30.70, 64
2026-10-06T23:51:22Z 2405, 54.88, 69
2026-10-06T23:51:23Z 2405, 45.89, 65
2026-10-06T23:51:24Z 2405, 31.48, 64
2026-10-06T23:51:25Z 2405, 31.95, 65
2026-10-06T23:51:26Z 2405, 31.37, 65
2026-10-06T23:51:27Z 2405, 31.35, 65
2026-10-06T23:51:28Z 2405, 29.42, 64
2026-10-06T23:51:29Z 2398, 51.10, 69
2026-10-06T23:51:30Z 2405, 43.03, 65
2026-10-06T23:51:31Z 2405, 31.44, 65
