2026-10-06T12:09:42Z
2405, 22.49, 56
2026-10-06T12:09:43Z
2405, 12.62, 56
2026-10-06T12:09:44Z
2405, 12.54, 56
2026-10-06T12:09:45Z
2405, 12.41, 55
2026-10-06T12:09:46Z
2405, 12.42, 55
2026-10-06T12:09:47Z
2405, 12.40, 55
2026-10-06T12:09:48Z
2405, 12.32, 55
2026-10-06T12:09:50Z
2405, 12.38, 55
2026-10-06T12:09:51Z
2405, 12.37, 55
2026-10-06T12:09:52Z
2405, 12.29, 55
2026-10-06T12:09:53Z
2405, 12.36, 55
2026-10-06T12:09:54Z
2405, 12.31, 55
2026-10-06T12:09:55Z
2405, 12.32, 54
2026-10-06T12:09:56Z
2405, 12.34, 54
2026-10-06T12:09:57Z
2398, 38.29, 61
2026-10-06T12:09:58Z
2398, 45.73, 61
2026-10-06T12:09:59Z
2398, 37.69, 58
2026-10-06T12:10:00Z
2398, 28.49, 59
2026-10-06T12:10:01Z
2398, 28.65, 59
2026-10-06T12:10:02Z
2398, 28.87, 59
2026-10-06T12:10:03Z
2398, 29.01, 59
2026-10-06T12:10:04Z
2398, 26.32, 59
2026-10-06T12:10:05Z
2405, 26.66, 59
2026-10-06T12:10:06Z
2398, 26.52, 59
2026-10-06T12:10:07Z
2398, 26.72, 59
2026-10-06T12:10:08Z
2398, 27.07, 59
2026-10-06T12:10:09Z
2398, 26.84, 59
2026-10-06T12:10:10Z
2398, 27.04, 60
2026-10-06T12:10:11Z
2398, 27.18, 60
2026-10-06T12:10:12Z
2398, 27.27, 60
2026-10-06T12:10:14Z
2398, 26.83, 60
2026-10-06T12:10:15Z
2398, 27.07, 60
2026-10-06T12:10:16Z
2398, 26.77, 60
2026-10-06T12:10:17Z
2398, 26.80, 60
2026-10-06T12:10:18Z
2398, 26.77, 60
2026-10-06T12:10:19Z
2398, 26.31, 60
2026-10-06T12:10:20Z
2398, 26.04, 60
2026-10-06T12:10:21Z
2398, 26.10, 60
2026-10-06T12:10:22Z
2398, 27.04, 61
2026-10-06T12:10:23Z
2398, 50.36, 65
2026-10-06T12:10:24Z
2405, 48.99, 61
2026-10-06T12:10:25Z
2398, 54.47, 65
2026-10-06T12:10:26Z
2405, 49.35, 64
2026-10-06T12:10:27Z
2398, 54.97, 66
2026-10-06T12:10:28Z
2405, 49.61, 68
2026-10-06T12:10:29Z
2398, 55.06, 66
2026-10-06T12:10:30Z
2405, 44.39, 63
2026-10-06T12:10:31Z
2405, 30.61, 63
2026-10-06T12:10:32Z
2405, 34.39, 67
2026-10-06T12:10:33Z
2405, 38.77, 63
2026-10-06T12:10:34Z
2398, 29.96, 63
2026-10-06T12:10:36Z
2398, 27.54, 62
2026-10-06T12:10:37Z
2398, 26.58, 62
2026-10-06T12:10:38Z
2398, 27.07, 63
2026-10-06T12:10:39Z
2398, 27.93, 63
2026-10-06T12:10:40Z
2398, 27.88, 63
2026-10-06T12:10:41Z
2398, 27.82, 63
2026-10-06T12:10:42Z
2398, 27.78, 63
2026-10-06T12:10:43Z
2398, 27.90, 63
2026-10-06T12:10:44Z
2398, 27.90, 63
2026-10-06T12:10:45Z
2398, 28.02, 63
2026-10-06T12:10:46Z
2398, 28.40, 63
2026-10-06T12:10:47Z
2398, 28.24, 63
2026-10-06T12:10:48Z
2398, 28.26, 63
2026-10-06T12:10:49Z
2398, 28.25, 63
2026-10-06T12:10:50Z
2405, 28.73, 63
2026-10-06T12:10:51Z
2405, 28.91, 64
2026-10-06T12:10:52Z
2405, 28.80, 64
2026-10-06T12:10:53Z
2405, 28.89, 64
2026-10-06T12:10:54Z
2405, 28.42, 64
2026-10-06T12:10:55Z
2405, 35.03, 69
2026-10-06T12:10:57Z
2405, 44.50, 65
2026-10-06T12:10:58Z
2405, 31.12, 65
2026-10-06T12:10:59Z
2405, 31.49, 64
2026-10-06T12:11:00Z
2405, 31.61, 64
2026-10-06T12:11:01Z
2405, 31.69, 65
2026-10-06T12:11:02Z
2405, 31.35, 64
2026-10-06T12:11:03Z
2405, 28.66, 64
2026-10-06T12:11:04Z
2405, 28.25, 64
2026-10-06T12:11:05Z
2405, 28.83, 64
2026-10-06T12:11:06Z
2405, 28.71, 64
2026-10-06T12:11:07Z
2405, 28.89, 64
2026-10-06T12:11:08Z
2405, 41.96, 65
2026-10-06T12:11:09Z
2405, 28.65, 65
2026-10-06T12:11:10Z
2405, 28.83, 65
2026-10-06T12:11:11Z
2405, 28.28, 64
2026-10-06T12:11:12Z
2405, 28.49, 65
2026-10-06T12:11:13Z
2405, 28.77, 65
2026-10-06T12:11:14Z
2405, 28.64, 65
2026-10-06T12:11:15Z
2405, 28.64, 64
2026-10-06T12:11:16Z
2405, 27.50, 64
2026-10-06T12:11:18Z
2405, 28.24, 64
2026-10-06T12:11:19Z
2405, 28.61, 64
2026-10-06T12:11:20Z
2405, 28.32, 65
2026-10-06T12:11:21Z
2405, 28.17, 65
2026-10-06T12:11:22Z
2405, 28.45, 65
2026-10-06T12:11:23Z
2405, 56.52, 72
2026-10-06T12:11:24Z
2398, 46.72, 70
2026-10-06T12:11:25Z
2398, 56.39, 72
2026-10-06T12:11:26Z
2405, 42.49, 73
2026-10-06T12:11:27Z
2405, 54.14, 68
2026-10-06T12:11:28Z
2398, 48.19, 66
2026-10-06T12:11:29Z
2405, 31.67, 66
2026-10-06T12:11:30Z
2405, 31.77, 66
2026-10-06T12:11:31Z
2405, 31.90, 66
2026-10-06T12:11:32Z
2405, 32.14, 66
2026-10-06T12:11:33Z
2405, 32.21, 66
2026-10-06T12:11:34Z
2405, 31.97, 66
2026-10-06T12:11:35Z
2405, 29.53, 66
2026-10-06T12:11:36Z
2405, 29.12, 66
2026-10-06T12:11:38Z
2405, 28.91, 66
2026-10-06T12:11:39Z
2405, 28.98, 66
2026-10-06T12:11:40Z
2405, 29.20, 66
2026-10-06T12:11:41Z
2405, 29.12, 66
2026-10-06T12:11:42Z
2405, 29.16, 66
2026-10-06T12:11:43Z
2398, 42.94, 67
2026-10-06T12:11:44Z
2405, 28.80, 66
2026-10-06T12:11:45Z
2405, 29.05, 66
2026-10-06T12:11:46Z
2405, 29.10, 66
2026-10-06T12:11:47Z
2405, 28.94, 66
2026-10-06T12:11:48Z
2405, 29.16, 66
2026-10-06T12:11:49Z
2405, 28.53, 66
2026-10-06T12:11:50Z
2405, 28.58, 66
2026-10-06T12:11:51Z
2405, 28.80, 66
2026-10-06T12:11:52Z
2405, 29.13, 66
2026-10-06T12:11:53Z
2405, 28.97, 66
2026-10-06T12:11:54Z
2405, 28.67, 66
2026-10-06T12:11:55Z
2405, 45.84, 71
2026-10-06T12:11:56Z
2405, 56.62, 73
2026-10-06T12:11:57Z
2405, 51.82, 71
2026-10-06T12:11:59Z
2405, 56.06, 69
2026-10-06T12:12:00Z
2405, 52.94, 71
2026-10-06T12:12:01Z
2405, 53.36, 67
2026-10-06T12:12:02Z
2405, 55.36, 72
2026-10-06T12:12:03Z
2405, 51.67, 68
2026-10-06T12:12:04Z
2405, 57.64, 72
2026-10-06T12:12:05Z
2405, 52.06, 71
2026-10-06T12:12:06Z
2405, 58.23, 74
2026-10-06T12:12:07Z
2405, 50.23, 72
2026-10-06T12:12:08Z
2405, 58.16, 75
2026-10-06T12:12:09Z
2405, 43.67, 72
2026-10-06T12:12:10Z
2405, 58.48, 73
2026-10-06T12:12:11Z
2405, 46.29, 75
2026-10-06T12:12:12Z
2405, 58.17, 72
2026-10-06T12:12:13Z
2405, 52.41, 72
2026-10-06T12:12:14Z
2405, 58.27, 73
2026-10-06T12:12:15Z
2405, 52.76, 73
2026-10-06T12:12:16Z
2405, 58.38, 74
2026-10-06T12:12:17Z
2405, 58.86, 75
2026-10-06T12:12:18Z
2398, 51.88, 69
2026-10-06T12:12:19Z
2405, 32.41, 69
2026-10-06T12:12:20Z
2405, 32.60, 68
2026-10-06T12:12:22Z
2405, 32.58, 68
2026-10-06T12:12:23Z
2405, 32.66, 68
2026-10-06T12:12:24Z
2405, 32.72, 68
2026-10-06T12:12:25Z
2405, 32.30, 68
2026-10-06T12:12:26Z
2405, 29.06, 67
2026-10-06T12:12:27Z
2405, 29.01, 67
2026-10-06T12:12:28Z
2405, 28.82, 67
2026-10-06T12:12:29Z
2405, 28.76, 67
2026-10-06T12:12:30Z
2405, 28.55, 67
2026-10-06T12:12:31Z
2405, 28.47, 66
2026-10-06T12:12:32Z
2405, 28.40, 67
2026-10-06T12:12:33Z
2405, 28.90, 67
2026-10-06T12:12:34Z
2405, 28.58, 66
2026-10-06T12:12:35Z
2398, 42.77, 67
2026-10-06T12:12:36Z
2405, 28.57, 66
2026-10-06T12:12:37Z
2405, 28.42, 66
2026-10-06T12:12:38Z
2405, 28.61, 66
2026-10-06T12:12:39Z
2405, 28.66, 66
2026-10-06T12:12:40Z
2405, 28.45, 66
2026-10-06T12:12:41Z
2405, 28.57, 66
2026-10-06T12:12:42Z
2405, 28.41, 66
2026-10-06T12:12:44Z
2405, 28.88, 66
2026-10-06T12:12:45Z
2405, 29.39, 66
2026-10-06T12:12:46Z
2405, 30.29, 67
2026-10-06T12:12:47Z
2405, 52.23, 70
2026-10-06T12:12:48Z
2405, 51.62, 66
2026-10-06T12:12:49Z
2398, 56.69, 70
2026-10-06T12:12:50Z
2405, 46.40, 70
2026-10-06T12:12:51Z
2398, 57.24, 71
2026-10-06T12:12:52Z
2405, 43.14, 73
2026-10-06T12:12:53Z
2405, 57.52, 71
2026-10-06T12:12:54Z
2405, 45.08, 68
2026-10-06T12:12:55Z
2405, 54.91, 71
2026-10-06T12:12:56Z
2405, 51.84, 71
2026-10-06T12:12:57Z
2405, 57.81, 74
2026-10-06T12:12:58Z
2405, 51.75, 71
2026-10-06T12:12:59Z
2405, 57.78, 74
2026-10-06T12:13:00Z
2405, 51.75, 71
2026-10-06T12:13:01Z
2405, 57.69, 71
2026-10-06T12:13:02Z
2405, 57.64, 71
2026-10-06T12:13:03Z
2405, 48.24, 66
2026-10-06T12:13:04Z
2405, 53.90, 71
2026-10-06T12:13:06Z
2405, 52.68, 67
2026-10-06T12:13:07Z
2405, 53.30, 72
2026-10-06T12:13:08Z
2405, 53.59, 72
2026-10-06T12:13:09Z
2405, 52.49, 72
2026-10-06T12:13:10Z
2405, 56.56, 70
2026-10-06T12:13:11Z
2405, 36.00, 68
2026-10-06T12:13:12Z
2405, 32.21, 68
2026-10-06T12:13:13Z
2405, 32.50, 68
2026-10-06T12:13:14Z
2405, 32.42, 68
2026-10-06T12:13:15Z
2405, 32.34, 68
2026-10-06T12:13:16Z
2405, 32.48, 67
2026-10-06T12:13:17Z
2405, 32.49, 67
2026-10-06T12:13:18Z
2405, 32.43, 67
2026-10-06T12:13:19Z
2405, 32.39, 67
2026-10-06T12:13:20Z
2405, 31.61, 67
2026-10-06T12:13:21Z
2405, 30.08, 66
2026-10-06T12:13:22Z
2405, 30.19, 66
2026-10-06T12:13:23Z
2405, 30.08, 66
2026-10-06T12:13:24Z
2405, 30.10, 66
2026-10-06T12:13:26Z
2405, 30.10, 66
2026-10-06T12:13:27Z
2405, 30.02, 66
2026-10-06T12:13:28Z
2398, 42.91, 66
2026-10-06T12:13:29Z
2405, 28.88, 65
2026-10-06T12:13:30Z
2405, 29.01, 65
2026-10-06T12:13:31Z
2405, 29.00, 65
2026-10-06T12:13:32Z
2405, 29.09, 65
2026-10-06T12:13:33Z
2405, 29.02, 65
2026-10-06T12:13:34Z
2405, 28.90, 65
2026-10-06T12:13:35Z
2405, 28.78, 64
2026-10-06T12:13:36Z
2405, 28.97, 64
2026-10-06T12:13:37Z
2405, 28.68, 64
2026-10-06T12:13:38Z
2405, 28.75, 64
2026-10-06T12:13:39Z
2405, 28.82, 64
2026-10-06T12:13:40Z
2405, 28.72, 64
2026-10-06T12:13:41Z
2405, 29.17, 64
2026-10-06T12:13:42Z
2405, 29.30, 64
2026-10-06T12:13:43Z
2405, 29.25, 64
2026-10-06T12:13:44Z
2405, 29.35, 64
2026-10-06T12:13:45Z
2405, 29.35, 64
2026-10-06T12:13:47Z
2405, 29.38, 64
2026-10-06T12:13:48Z
2405, 29.32, 64
2026-10-06T12:13:49Z
2405, 29.34, 63
2026-10-06T12:13:50Z
2405, 29.33, 64
2026-10-06T12:13:51Z
2405, 29.35, 63
2026-10-06T12:13:52Z
2405, 29.35, 63
2026-10-06T12:13:53Z
2405, 29.28, 63
2026-10-06T12:13:54Z
2405, 39.66, 63
2026-10-06T12:13:55Z
2405, 28.12, 63
2026-10-06T12:13:56Z
2405, 28.28, 63
2026-10-06T12:13:57Z
2405, 28.27, 63
2026-10-06T12:13:58Z
2405, 28.37, 63
2026-10-06T12:13:59Z
2405, 28.43, 63
2026-10-06T12:14:00Z
2405, 28.45, 63
2026-10-06T12:14:01Z
2405, 28.11, 62
2026-10-06T12:14:02Z
2398, 27.81, 62
2026-10-06T12:14:03Z
2398, 27.66, 62
2026-10-06T12:14:04Z
2398, 27.84, 62
2026-10-06T12:14:05Z
2398, 27.79, 62
2026-10-06T12:14:06Z
2398, 27.74, 62
2026-10-06T12:14:07Z
2398, 27.87, 62
2026-10-06T12:14:09Z
2398, 27.92, 62
2026-10-06T12:14:10Z
2398, 27.95, 62
2026-10-06T12:14:11Z
2398, 28.20, 62
2026-10-06T12:14:12Z
2398, 28.02, 62
2026-10-06T12:14:13Z
2398, 27.93, 62
2026-10-06T12:14:14Z
2398, 28.25, 62
2026-10-06T12:14:15Z
2398, 34.39, 65
2026-10-06T12:14:16Z
2398, 33.14, 62
2026-10-06T12:14:17Z
2398, 27.46, 62
2026-10-06T12:14:18Z
2398, 27.79, 62
2026-10-06T12:14:19Z
2398, 27.60, 62
2026-10-06T12:14:20Z
2398, 27.69, 62
2026-10-06T12:14:21Z
2398, 27.77, 62
2026-10-06T12:14:22Z
2398, 27.48, 62
2026-10-06T12:14:23Z
2398, 27.68, 62
2026-10-06T12:14:24Z
2398, 27.42, 62
2026-10-06T12:14:25Z
2398, 27.76, 62
2026-10-06T12:14:26Z
2398, 27.51, 62
2026-10-06T12:14:27Z
2398, 27.47, 62
2026-10-06T12:14:29Z
2398, 27.83, 62
2026-10-06T12:14:30Z
2398, 28.05, 62
2026-10-06T12:14:31Z
2398, 27.57, 62
2026-10-06T12:14:32Z
2398, 27.47, 62
2026-10-06T12:14:33Z
2398, 27.35, 61
2026-10-06T12:14:34Z
2398, 27.51, 61
2026-10-06T12:14:35Z
2398, 27.11, 61
2026-10-06T12:14:36Z
2398, 27.64, 61
2026-10-06T12:14:37Z
2398, 27.72, 61
2026-10-06T12:14:38Z
2398, 27.33, 61
2026-10-06T12:14:39Z
2398, 27.40, 61
2026-10-06T12:14:40Z
2398, 27.44, 61
2026-10-06T12:14:41Z
2398, 27.65, 61
2026-10-06T12:14:42Z
2398, 27.51, 61
2026-10-06T12:14:43Z
2398, 27.61, 61
2026-10-06T12:14:44Z
2405, 41.57, 62
2026-10-06T12:14:45Z
2398, 27.30, 61
2026-10-06T12:14:46Z
2398, 27.39, 61
2026-10-06T12:14:47Z
2398, 27.39, 61
2026-10-06T12:14:48Z
2398, 26.75, 61
2026-10-06T12:14:50Z
2398, 27.36, 61
2026-10-06T12:14:51Z
2398, 27.49, 61
2026-10-06T12:14:52Z
2398, 27.48, 61
2026-10-06T12:14:53Z
2398, 27.39, 61
2026-10-06T12:14:54Z
2398, 27.26, 61
2026-10-06T12:14:55Z
2398, 27.54, 61
2026-10-06T12:14:56Z
2398, 27.32, 61
2026-10-06T12:14:57Z
2398, 27.40, 61
2026-10-06T12:14:58Z
2398, 27.32, 61
2026-10-06T12:14:59Z
2398, 27.49, 61
2026-10-06T12:15:00Z
2398, 27.46, 61
2026-10-06T12:15:01Z
2398, 27.61, 61
2026-10-06T12:15:02Z
2398, 27.29, 61
2026-10-06T12:15:03Z
2398, 27.44, 61
2026-10-06T12:15:04Z
2398, 27.44, 61
2026-10-06T12:15:05Z
2398, 28.04, 61
2026-10-06T12:15:06Z
2398, 28.17, 61
2026-10-06T12:15:07Z
2398, 28.23, 61
2026-10-06T12:15:08Z
2398, 28.22, 61
2026-10-06T12:15:09Z
2398, 33.24, 66
2026-10-06T12:15:11Z
2398, 35.64, 62
2026-10-06T12:15:12Z
2398, 27.76, 62
2026-10-06T12:15:13Z
2398, 27.82, 62
2026-10-06T12:15:14Z
2398, 27.84, 62
2026-10-06T12:15:15Z
2398, 27.94, 62
2026-10-06T12:15:16Z
2398, 27.86, 62
2026-10-06T12:15:17Z
2398, 27.84, 62
2026-10-06T12:15:18Z
2398, 27.81, 62
2026-10-06T12:15:19Z
2398, 28.01, 62
2026-10-06T12:15:20Z
2398, 28.05, 62
2026-10-06T12:15:21Z
2398, 28.06, 62
2026-10-06T12:15:22Z
2398, 27.97, 62
2026-10-06T12:15:23Z
2398, 28.01, 62
2026-10-06T12:15:24Z
2398, 28.14, 63
2026-10-06T12:15:25Z
2398, 28.08, 63
2026-10-06T12:15:26Z
2398, 28.19, 63
2026-10-06T12:15:27Z
2405, 28.70, 63
2026-10-06T12:15:28Z
2405, 28.78, 63
2026-10-06T12:15:29Z
2405, 28.76, 63
2026-10-06T12:15:30Z
2405, 28.67, 63
2026-10-06T12:15:31Z
2405, 28.57, 63
2026-10-06T12:15:33Z
2405, 28.66, 63
2026-10-06T12:15:34Z
2405, 28.72, 63
2026-10-06T12:15:35Z
2405, 28.81, 63
2026-10-06T12:15:36Z
2405, 28.90, 64
2026-10-06T12:15:37Z
2398, 41.56, 68
2026-10-06T12:15:38Z
2405, 28.03, 64
2026-10-06T12:15:39Z
2405, 28.30, 64
2026-10-06T12:15:40Z
2405, 28.47, 64
2026-10-06T12:15:41Z
2405, 28.02, 64
2026-10-06T12:15:42Z
2405, 28.25, 64
2026-10-06T12:15:43Z
2405, 28.28, 64
2026-10-06T12:15:44Z
2405, 28.19, 64
2026-10-06T12:15:45Z
2405, 29.03, 64
2026-10-06T12:15:46Z
2405, 29.15, 64
2026-10-06T12:15:47Z
2405, 29.36, 64
2026-10-06T12:15:48Z
2405, 29.43, 64
2026-10-06T12:15:49Z
2405, 29.56, 64
2026-10-06T12:15:50Z
2405, 29.61, 64
2026-10-06T12:15:51Z
2405, 29.70, 65
2026-10-06T12:15:52Z
2405, 29.67, 65
2026-10-06T12:15:54Z
2405, 29.76, 65
2026-10-06T12:15:55Z
2405, 29.80, 65
2026-10-06T12:15:56Z
2405, 29.83, 65
2026-10-06T12:15:57Z
2405, 29.76, 65
2026-10-06T12:15:58Z
2405, 29.89, 65
2026-10-06T12:15:59Z
2405, 29.87, 65
2026-10-06T12:16:00Z
2405, 29.87, 65
2026-10-06T12:16:01Z
2405, 43.12, 66
2026-10-06T12:16:02Z
2405, 28.68, 65
2026-10-06T12:16:03Z
2405, 28.78, 65
2026-10-06T12:16:04Z
2405, 28.94, 65
2026-10-06T12:16:05Z
2405, 29.00, 65
2026-10-06T12:16:06Z
2405, 28.93, 65
2026-10-06T12:16:07Z
2405, 28.97, 65
2026-10-06T12:16:08Z
2405, 28.91, 65
2026-10-06T12:16:09Z
2405, 29.00, 65
2026-10-06T12:16:10Z
2405, 29.20, 65
2026-10-06T12:16:11Z
2405, 29.02, 65
2026-10-06T12:16:12Z
2405, 29.18, 65
2026-10-06T12:16:13Z
2405, 29.12, 65
2026-10-06T12:16:15Z
2405, 29.00, 65
2026-10-06T12:16:16Z
2405, 29.03, 65
2026-10-06T12:16:17Z
2405, 28.89, 65
2026-10-06T12:16:18Z
2405, 29.01, 65
2026-10-06T12:16:19Z
2405, 29.01, 66
2026-10-06T12:16:20Z
2405, 29.02, 66
2026-10-06T12:16:21Z
2405, 28.99, 66
2026-10-06T12:16:22Z
2405, 28.92, 66
2026-10-06T12:16:23Z
2405, 29.07, 66
2026-10-06T12:16:24Z
2405, 18.80, 63
