2026-10-06T11:32:26Z
2411, 10.54, 45
2026-10-06T11:32:27Z
2411, 10.55, 45
2026-10-06T11:32:28Z
2411, 10.57, 45
2026-10-06T11:32:29Z
2411, 10.59, 45
2026-10-06T11:32:30Z
2411, 10.60, 45
2026-10-06T11:32:31Z
2411, 10.67, 45
2026-10-06T11:32:32Z
2411, 10.73, 45
2026-10-06T11:32:33Z
2411, 10.66, 45
2026-10-06T11:32:34Z
2411, 10.68, 45
2026-10-06T11:32:36Z
2411, 10.68, 45
2026-10-06T11:32:37Z
2405, 24.43, 53
2026-10-06T11:32:38Z
2411, 28.50, 48
2026-10-06T11:32:39Z
2411, 24.18, 49
2026-10-06T11:32:40Z
2411, 24.65, 49
2026-10-06T11:32:41Z
2411, 24.32, 50
2026-10-06T11:32:42Z
2411, 24.73, 50
2026-10-06T11:32:43Z
2411, 24.92, 50
2026-10-06T11:32:44Z
2392, 38.24, 52
2026-10-06T11:32:45Z
2411, 27.08, 51
2026-10-06T11:32:46Z
2411, 27.28, 52
2026-10-06T11:32:47Z
2411, 27.51, 52
2026-10-06T11:32:48Z
2411, 27.54, 52
2026-10-06T11:32:49Z
2398, 34.54, 56
2026-10-06T11:32:50Z
2411, 31.59, 53
2026-10-06T11:32:51Z
2411, 27.63, 53
2026-10-06T11:32:52Z
2411, 27.65, 53
2026-10-06T11:32:53Z
2411, 27.63, 53
2026-10-06T11:32:54Z
2411, 27.77, 53
2026-10-06T11:32:55Z
2411, 27.81, 53
2026-10-06T11:32:56Z
2398, 28.05, 54
2026-10-06T11:32:58Z
2398, 28.20, 54
2026-10-06T11:32:59Z
2398, 28.48, 54
2026-10-06T11:33:00Z
2398, 28.40, 54
2026-10-06T11:33:01Z
2398, 28.41, 54
2026-10-06T11:33:02Z
2398, 28.59, 54
2026-10-06T11:33:03Z
2398, 28.52, 54
2026-10-06T11:33:04Z
2398, 28.50, 55
2026-10-06T11:33:05Z
2398, 28.57, 55
2026-10-06T11:33:06Z
2398, 28.56, 55
2026-10-06T11:33:07Z
2398, 28.60, 55
2026-10-06T11:33:08Z
2398, 28.64, 55
2026-10-06T11:33:09Z
2392, 33.95, 60
2026-10-06T11:33:10Z
2398, 33.81, 56
2026-10-06T11:33:11Z
2398, 28.55, 56
2026-10-06T11:33:12Z
2398, 28.66, 56
2026-10-06T11:33:13Z
2398, 28.37, 56
2026-10-06T11:33:14Z
2398, 29.55, 58
2026-10-06T11:33:15Z
2398, 38.62, 56
2026-10-06T11:33:16Z
2398, 28.01, 56
2026-10-06T11:33:18Z
2398, 28.33, 56
2026-10-06T11:33:19Z
2398, 28.43, 56
2026-10-06T11:33:20Z
2398, 28.49, 57
2026-10-06T11:33:21Z
2398, 28.42, 57
2026-10-06T11:33:22Z
2398, 28.65, 57
2026-10-06T11:33:23Z
2398, 28.66, 57
2026-10-06T11:33:24Z
2398, 28.65, 57
2026-10-06T11:33:25Z
2398, 28.65, 57
2026-10-06T11:33:26Z
2398, 28.64, 57
2026-10-06T11:33:27Z
2398, 28.64, 57
2026-10-06T11:33:28Z
2398, 28.69, 57
2026-10-06T11:33:29Z
2398, 28.67, 57
2026-10-06T11:33:30Z
2398, 33.64, 61
2026-10-06T11:33:31Z
2398, 34.63, 58
2026-10-06T11:33:32Z
2398, 28.52, 58
2026-10-06T11:33:33Z
2398, 28.50, 58
2026-10-06T11:33:34Z
2398, 28.74, 58
2026-10-06T11:33:35Z
2398, 29.02, 58
2026-10-06T11:33:36Z
2398, 28.86, 58
2026-10-06T11:33:37Z
2398, 28.83, 58
2026-10-06T11:33:38Z
2398, 28.99, 58
2026-10-06T11:33:40Z
2398, 28.96, 58
2026-10-06T11:33:41Z
2398, 29.08, 58
2026-10-06T11:33:42Z
2398, 28.97, 59
2026-10-06T11:33:43Z
2398, 28.93, 58
2026-10-06T11:33:44Z
2398, 28.92, 59
2026-10-06T11:33:45Z
2398, 29.09, 59
2026-10-06T11:33:46Z
2398, 28.91, 59
2026-10-06T11:33:47Z
2398, 29.08, 59
2026-10-06T11:33:48Z
2398, 28.95, 59
2026-10-06T11:33:49Z
2398, 43.32, 62
2026-10-06T11:33:50Z
2398, 38.79, 59
2026-10-06T11:33:51Z
2398, 28.77, 59
2026-10-06T11:33:52Z
2398, 28.86, 59
2026-10-06T11:33:53Z
2398, 29.07, 60
2026-10-06T11:33:54Z
2398, 29.04, 60
2026-10-06T11:33:55Z
2398, 28.96, 59
2026-10-06T11:33:56Z
2398, 29.19, 59
2026-10-06T11:33:57Z
2398, 29.12, 60
2026-10-06T11:33:58Z
2398, 29.06, 60
2026-10-06T11:33:59Z
2398, 29.23, 60
2026-10-06T11:34:01Z
2398, 29.02, 60
2026-10-06T11:34:02Z
2398, 28.84, 59
2026-10-06T11:34:03Z
2398, 28.96, 60
2026-10-06T11:34:04Z
2398, 29.05, 60
2026-10-06T11:34:05Z
2398, 28.77, 60
2026-10-06T11:34:06Z
2398, 38.53, 65
2026-10-06T11:34:07Z
2398, 29.11, 60
2026-10-06T11:34:08Z
2398, 29.20, 60
2026-10-06T11:34:09Z
2398, 29.27, 60
2026-10-06T11:34:10Z
2398, 29.24, 61
2026-10-06T11:34:11Z
2398, 29.26, 60
2026-10-06T11:34:12Z
2398, 29.60, 60
2026-10-06T11:34:13Z
2398, 29.63, 61
2026-10-06T11:34:14Z
2398, 29.66, 61
2026-10-06T11:34:15Z
2398, 29.66, 61
2026-10-06T11:34:16Z
2398, 29.71, 61
2026-10-06T11:34:17Z
2398, 29.87, 61
2026-10-06T11:34:18Z
2398, 29.85, 61
2026-10-06T11:34:19Z
2398, 29.51, 61
2026-10-06T11:34:20Z
2398, 29.72, 61
2026-10-06T11:34:21Z
2398, 41.94, 62
2026-10-06T11:34:23Z
2398, 29.42, 61
2026-10-06T11:34:24Z
2398, 41.94, 63
2026-10-06T11:34:25Z
2398, 29.43, 61
2026-10-06T11:34:26Z
2398, 29.70, 61
2026-10-06T11:34:27Z
2398, 29.74, 62
2026-10-06T11:34:28Z
2398, 29.86, 61
2026-10-06T11:34:29Z
2398, 29.79, 62
2026-10-06T11:34:30Z
2398, 29.78, 61
2026-10-06T11:34:31Z
2398, 29.85, 62
2026-10-06T11:34:32Z
2398, 29.96, 61
2026-10-06T11:34:33Z
2398, 29.79, 62
2026-10-06T11:34:34Z
2398, 29.91, 62
2026-10-06T11:34:35Z
2398, 29.94, 62
2026-10-06T11:34:36Z
2398, 30.00, 62
2026-10-06T11:34:37Z
2398, 29.96, 62
2026-10-06T11:34:38Z
2398, 29.94, 62
2026-10-06T11:34:39Z
2398, 30.03, 62
2026-10-06T11:34:40Z
2398, 30.00, 62
2026-10-06T11:34:41Z
2392, 41.86, 66
2026-10-06T11:34:43Z
2398, 29.96, 62
2026-10-06T11:34:44Z
2398, 29.66, 62
2026-10-06T11:34:45Z
2398, 29.90, 62
2026-10-06T11:34:46Z
2398, 29.97, 62
2026-10-06T11:34:47Z
2398, 29.94, 62
2026-10-06T11:34:48Z
2398, 29.87, 62
2026-10-06T11:34:49Z
2398, 30.03, 62
2026-10-06T11:34:50Z
2398, 29.98, 63
2026-10-06T11:34:51Z
2398, 29.91, 62
2026-10-06T11:34:52Z
2398, 30.00, 62
2026-10-06T11:34:53Z
2398, 29.97, 62
2026-10-06T11:34:54Z
2398, 30.11, 62
2026-10-06T11:34:55Z
2398, 29.96, 63
2026-10-06T11:34:56Z
2398, 30.01, 62
2026-10-06T11:34:57Z
2398, 29.98, 63
2026-10-06T11:34:58Z
2398, 34.95, 66
2026-10-06T11:34:59Z
2405, 37.80, 63
2026-10-06T11:35:00Z
2398, 27.12, 62
2026-10-06T11:35:01Z
2398, 27.42, 62
2026-10-06T11:35:02Z
2398, 27.57, 62
2026-10-06T11:35:03Z
2398, 27.70, 62
2026-10-06T11:35:05Z
2398, 27.80, 62
2026-10-06T11:35:06Z
2398, 27.56, 62
2026-10-06T11:35:07Z
2398, 27.43, 62
2026-10-06T11:35:08Z
2398, 27.60, 62
2026-10-06T11:35:09Z
2398, 27.20, 62
2026-10-06T11:35:10Z
2398, 27.58, 62
2026-10-06T11:35:11Z
2398, 27.78, 62
2026-10-06T11:35:12Z
2398, 27.83, 62
2026-10-06T11:35:13Z
2398, 27.98, 62
2026-10-06T11:35:14Z
2398, 27.93, 62
2026-10-06T11:35:15Z
2398, 28.05, 63
2026-10-06T11:35:16Z
2398, 28.08, 62
2026-10-06T11:35:17Z
2398, 28.18, 63
2026-10-06T11:35:18Z
2398, 28.30, 63
2026-10-06T11:35:19Z
2398, 28.21, 63
2026-10-06T11:35:20Z
2398, 28.19, 63
2026-10-06T11:35:21Z
2398, 37.83, 67
2026-10-06T11:35:22Z
2405, 31.54, 63
2026-10-06T11:35:23Z
2398, 26.91, 63
2026-10-06T11:35:24Z
2405, 26.82, 63
2026-10-06T11:35:25Z
2398, 26.50, 63
2026-10-06T11:35:27Z
2398, 26.61, 63
2026-10-06T11:35:28Z
2398, 26.64, 63
2026-10-06T11:35:29Z
2398, 26.67, 63
2026-10-06T11:35:30Z
2398, 27.10, 63
2026-10-06T11:35:31Z
2398, 27.20, 63
2026-10-06T11:35:32Z
2398, 27.38, 63
2026-10-06T11:35:33Z
2398, 27.01, 63
2026-10-06T11:35:34Z
2398, 27.19, 63
2026-10-06T11:35:35Z
2398, 27.23, 63
2026-10-06T11:35:36Z
2398, 27.31, 63
2026-10-06T11:35:37Z
2405, 26.75, 63
2026-10-06T11:35:38Z
2398, 26.84, 63
2026-10-06T11:35:39Z
2398, 26.86, 63
2026-10-06T11:35:40Z
2398, 27.23, 63
2026-10-06T11:35:41Z
2398, 27.15, 63
2026-10-06T11:35:42Z
2398, 35.06, 68
2026-10-06T11:35:43Z
2405, 36.61, 64
2026-10-06T11:35:44Z
2405, 30.64, 64
2026-10-06T11:35:45Z
2405, 30.80, 64
2026-10-06T11:35:46Z
2405, 30.96, 64
2026-10-06T11:35:47Z
2405, 31.08, 64
2026-10-06T11:35:49Z
2405, 30.85, 64
2026-10-06T11:35:50Z
2405, 30.91, 64
2026-10-06T11:35:51Z
2405, 31.00, 64
2026-10-06T11:35:52Z
2405, 37.32, 67
2026-10-06T11:35:53Z
2405, 36.94, 64
2026-10-06T11:35:54Z
2405, 30.61, 64
2026-10-06T11:35:55Z
2405, 30.92, 64
2026-10-06T11:35:56Z
2405, 30.83, 64
2026-10-06T11:35:57Z
2405, 30.62, 64
2026-10-06T11:35:58Z
2405, 30.82, 64
2026-10-06T11:35:59Z
2405, 30.97, 65
2026-10-06T11:36:00Z
2405, 30.87, 64
2026-10-06T11:36:01Z
2398, 43.28, 65
2026-10-06T11:36:02Z
2405, 30.78, 65
2026-10-06T11:36:03Z
2405, 30.86, 65
2026-10-06T11:36:04Z
2405, 30.86, 64
2026-10-06T11:36:05Z
2405, 31.19, 65
2026-10-06T11:36:06Z
2405, 31.09, 65
2026-10-06T11:36:07Z
2405, 30.99, 65
2026-10-06T11:36:08Z
2405, 31.01, 65
2026-10-06T11:36:10Z
2405, 31.12, 65
2026-10-06T11:36:11Z
2405, 31.17, 65
2026-10-06T11:36:12Z
2405, 31.07, 65
2026-10-06T11:36:13Z
2405, 31.33, 65
2026-10-06T11:36:14Z
2405, 31.26, 65
2026-10-06T11:36:15Z
2405, 31.09, 65
2026-10-06T11:36:16Z
2405, 31.01, 65
2026-10-06T11:36:17Z
2398, 43.44, 65
2026-10-06T11:36:18Z
2405, 31.00, 65
2026-10-06T11:36:19Z
2405, 31.22, 65
2026-10-06T11:36:20Z
2405, 31.29, 65
2026-10-06T11:36:21Z
2405, 31.30, 65
2026-10-06T11:36:22Z
2405, 31.21, 65
2026-10-06T11:36:23Z
2405, 33.47, 68
2026-10-06T11:36:24Z
2405, 40.77, 65
2026-10-06T11:36:25Z
2405, 30.94, 65
2026-10-06T11:36:26Z
2405, 31.20, 65
2026-10-06T11:36:27Z
2405, 31.03, 65
2026-10-06T11:36:28Z
2405, 31.12, 65
2026-10-06T11:36:30Z
2405, 31.22, 65
2026-10-06T11:36:31Z
2405, 31.10, 65
2026-10-06T11:36:32Z
2405, 31.11, 65
2026-10-06T11:36:33Z
2405, 31.14, 65
2026-10-06T11:36:34Z
2405, 31.35, 65
2026-10-06T11:36:35Z
2405, 31.32, 65
2026-10-06T11:36:36Z
2405, 43.39, 66
2026-10-06T11:36:37Z
2405, 31.07, 65
2026-10-06T11:36:38Z
2405, 31.21, 65
2026-10-06T11:36:39Z
2405, 31.35, 65
2026-10-06T11:36:40Z
2405, 31.35, 65
2026-10-06T11:36:41Z
2405, 31.30, 65
2026-10-06T11:36:42Z
2405, 31.40, 65
2026-10-06T11:36:43Z
2405, 31.34, 65
2026-10-06T11:36:44Z
2405, 31.33, 65
2026-10-06T11:36:45Z
2405, 31.28, 65
2026-10-06T11:36:46Z
2405, 31.35, 65
2026-10-06T11:36:47Z
2405, 31.44, 66
2026-10-06T11:36:48Z
2405, 31.32, 65
2026-10-06T11:36:49Z
2405, 31.35, 66
2026-10-06T11:36:50Z
2405, 31.32, 66
2026-10-06T11:36:52Z
2405, 31.41, 65
2026-10-06T11:36:53Z
2392, 43.72, 67
2026-10-06T11:36:54Z
2405, 31.01, 66
2026-10-06T11:36:55Z
2405, 31.29, 66
2026-10-06T11:36:56Z
2405, 31.33, 65
2026-10-06T11:36:57Z
2405, 31.46, 66
2026-10-06T11:36:58Z
2405, 30.93, 65
2026-10-06T11:36:59Z
2405, 43.06, 66
2026-10-06T11:37:00Z
2405, 31.23, 66
2026-10-06T11:37:01Z
2405, 31.39, 66
2026-10-06T11:37:02Z
2405, 31.40, 66
2026-10-06T11:37:03Z
2405, 31.54, 66
2026-10-06T11:37:04Z
2405, 31.64, 66
2026-10-06T11:37:05Z
2405, 31.53, 66
2026-10-06T11:37:06Z
2405, 31.60, 66
2026-10-06T11:37:07Z
2405, 31.67, 66
2026-10-06T11:37:08Z
2405, 31.66, 66
2026-10-06T11:37:09Z
2405, 31.32, 66
2026-10-06T11:37:10Z
2405, 31.61, 66
2026-10-06T11:37:11Z
2405, 31.33, 66
2026-10-06T11:37:12Z
2398, 43.63, 67
2026-10-06T11:37:14Z
2405, 31.34, 66
2026-10-06T11:37:15Z
2405, 31.40, 66
2026-10-06T11:37:16Z
2405, 31.38, 66
2026-10-06T11:37:17Z
2405, 31.54, 66
2026-10-06T11:37:18Z
2405, 31.52, 66
2026-10-06T11:37:19Z
2405, 31.47, 66
2026-10-06T11:37:20Z
2405, 31.53, 66
2026-10-06T11:37:21Z
2405, 31.60, 66
2026-10-06T11:37:22Z
2405, 31.61, 66
2026-10-06T11:37:23Z
2405, 31.61, 66
2026-10-06T11:37:24Z
2405, 31.58, 66
2026-10-06T11:37:25Z
2405, 31.46, 66
2026-10-06T11:37:26Z
2405, 31.42, 66
2026-10-06T11:37:27Z
2405, 31.59, 66
2026-10-06T11:37:28Z
2398, 43.44, 67
2026-10-06T11:37:29Z
2405, 31.19, 67
2026-10-06T11:37:30Z
2392, 44.01, 67
2026-10-06T11:37:31Z
2405, 31.41, 66
2026-10-06T11:37:32Z
2405, 31.19, 66
2026-10-06T11:37:33Z
2405, 31.23, 67
2026-10-06T11:37:35Z
2405, 31.27, 67
2026-10-06T11:37:36Z
2405, 31.55, 67
2026-10-06T11:37:37Z
2405, 31.71, 66
2026-10-06T11:37:38Z
2405, 31.79, 67
2026-10-06T11:37:39Z
2405, 31.68, 67
2026-10-06T11:37:40Z
2405, 31.57, 67
2026-10-06T11:37:41Z
2405, 31.48, 67
2026-10-06T11:37:42Z
2405, 31.57, 67
2026-10-06T11:37:43Z
2405, 38.19, 71
2026-10-06T11:37:44Z
2405, 37.45, 67
2026-10-06T11:37:45Z
2405, 31.31, 67
2026-10-06T11:37:46Z
2405, 31.45, 67
2026-10-06T11:37:47Z
2405, 31.38, 67
2026-10-06T11:37:48Z
2405, 31.62, 67
2026-10-06T11:37:49Z
2405, 31.55, 67
2026-10-06T11:37:50Z
2405, 31.64, 67
2026-10-06T11:37:51Z
2405, 31.75, 67
2026-10-06T11:37:52Z
2405, 31.37, 67
2026-10-06T11:37:53Z
2405, 31.45, 67
2026-10-06T11:37:54Z
2405, 31.35, 67
2026-10-06T11:37:56Z
2405, 31.37, 67
2026-10-06T11:37:57Z
2405, 31.61, 67
2026-10-06T11:37:58Z
2405, 31.43, 67
2026-10-06T11:37:59Z
2405, 31.53, 67
2026-10-06T11:38:00Z
2405, 31.48, 67
2026-10-06T11:38:01Z
2405, 31.60, 67
2026-10-06T11:38:02Z
2405, 30.83, 67
2026-10-06T11:38:03Z
2398, 42.71, 72
2026-10-06T11:38:04Z
2405, 29.09, 67
2026-10-06T11:38:05Z
2405, 29.36, 67
2026-10-06T11:38:06Z
2405, 29.02, 67
2026-10-06T11:38:07Z
2405, 29.12, 67
2026-10-06T11:38:08Z
2405, 29.33, 67
2026-10-06T11:38:09Z
2405, 29.66, 67
2026-10-06T11:38:10Z
2405, 29.65, 67
2026-10-06T11:38:11Z
2405, 29.43, 67
2026-10-06T11:38:12Z
2405, 29.37, 67
2026-10-06T11:38:13Z
2405, 29.39, 66
2026-10-06T11:38:14Z
2405, 29.27, 66
2026-10-06T11:38:15Z
2405, 29.48, 66
2026-10-06T11:38:17Z
2405, 29.37, 67
2026-10-06T11:38:18Z
2405, 29.33, 66
2026-10-06T11:38:19Z
2405, 29.22, 66
2026-10-06T11:38:20Z
2405, 29.30, 66
2026-10-06T11:38:21Z
2405, 29.34, 66
2026-10-06T11:38:22Z
2405, 29.73, 67
2026-10-06T11:38:23Z
2405, 29.40, 67
2026-10-06T11:38:24Z
2405, 29.54, 67
2026-10-06T11:38:25Z
2405, 29.35, 67
2026-10-06T11:38:26Z
2405, 29.59, 66
2026-10-06T11:38:27Z
2405, 29.31, 66
2026-10-06T11:38:28Z
2405, 29.21, 66
2026-10-06T11:38:29Z
2405, 29.21, 66
2026-10-06T11:38:30Z
2405, 29.55, 66
2026-10-06T11:38:31Z
2405, 29.11, 66
2026-10-06T11:38:32Z
2405, 29.15, 66
2026-10-06T11:38:33Z
2405, 31.47, 70
2026-10-06T11:38:34Z
2405, 29.25, 67
2026-10-06T11:38:35Z
2405, 29.16, 66
2026-10-06T11:38:36Z
2405, 28.98, 66
2026-10-06T11:38:38Z
2405, 29.07, 66
2026-10-06T11:38:39Z
2405, 28.95, 66
2026-10-06T11:38:40Z
2405, 28.89, 66
2026-10-06T11:38:41Z
2405, 29.13, 66
2026-10-06T11:38:42Z
2405, 28.91, 66
2026-10-06T11:38:43Z
2405, 29.28, 66
2026-10-06T11:38:44Z
2405, 29.15, 66
2026-10-06T11:38:45Z
2405, 29.41, 66
2026-10-06T11:38:46Z
2405, 29.70, 67
2026-10-06T11:38:47Z
2405, 29.74, 67
2026-10-06T11:38:48Z
2405, 30.14, 67
2026-10-06T11:38:49Z
2405, 30.11, 67
2026-10-06T11:38:50Z
2405, 30.19, 67
2026-10-06T11:38:51Z
2405, 30.18, 67
2026-10-06T11:38:52Z
2405, 30.25, 67
2026-10-06T11:38:53Z
2405, 30.34, 67
2026-10-06T11:38:54Z
2405, 30.29, 67
2026-10-06T11:38:55Z
2405, 30.37, 67
2026-10-06T11:38:56Z
2405, 30.34, 67
2026-10-06T11:38:57Z
2405, 19.77, 64
